2700000 414.417 413.871 94.3554 75.5416 61.2206 57.4282 57.0179 37.4497
2600000 436.292 435.725 99.4419 80.254 63.9137 59.9653 59.5999 39.6097
2500000 450.419 449.839 105.345 83.8596 65.4107 60.3594 59.9218 41.1757
2400000 459.177 458.581 108.803 87.5504 66.5696 59.4167 59.088 43.1307
2300000 476.279 475.662 114.497 90.8941 68.6848 61.6417 61.2644 43.8432
2200000 489.468 488.823 119.356 96.5828 68.1095 61.8184 61.4362 46.4889
2100000 500.09 499.428 124.677 100.734 69.2552 60.6343 60.2591 48.8406
1900000 539.048 538.32 138.573 112.68 74.1077 60.984 60.5962 54.0875
1800000 566.572 565.819 147.604 118.501 78.7914 63.3835 63.0022 56.4356
1700000 591.986 591.196 156.213 126.862 81.9564 63.8684 63.4862 60.0174
1600000 630.531 629.691 168.353 136.452 89.3001 65.2302 64.8294 64.6973
1500000 671.419 670.533 181.756 146.722 96.6216 66.5365 66.1323 69.342
1400000 708.728 707.78 194.859 158.681 102.012 66.2749 65.8525 76.1162
1300000 772.156 771.145 214.22 171.548 113.424 72.2204 71.8539 79.5479
1200000 841.48 840.415 233.541 189.989 122.661 76.9649 76.6617 90.3597
