28.816211 1697.242365 58.898873 45 39
28.119303 1651.481925 58.731255 46 38
30.154711 1754.914635 58.197030 44 40
28.238749 1662.062130 58.857498 44 39
29.351451 1740.533985 59.299760 45 38
28.895878 1692.227385 58.562933 45 38
27.792193 1639.116660 58.977594 44 38
29.661338 1731.436095 58.373499 45 37
30.253962 1780.490925 58.851496 46 38
29.335318 1723.290630 58.744570 45 39
28.633348 1685.689710 58.871554 45 38
29.013235 1697.479020 58.507057 44 38
32.562685 1933.237710 59.369726 44 38
29.248482 1708.055355 58.398085 44 38
30.339591 1772.626245 58.426174 45 38
27.917005 1650.021225 59.104522 45 39
28.672828 1681.689840 58.650994 44 38
30.264971 1765.798290 58.344623 45 38
29.651575 1758.827745 59.316504 46 39
29.696900 1736.716815 58.481418 45 39
28.101299 1647.841980 58.639352 46 38
31.170941 1866.753615 59.887624 45 37
28.408554 1674.282060 58.935842 45 38
28.408181 1669.197015 58.757616 44 38
29.869316 1748.294175 58.531442 44 39
29.616268 1732.959105 58.513757 44 39
28.406646 1672.481475 58.876414 45 38
31.183074 1800.654315 57.744606 44 39
27.577676 1631.126265 59.146618 44 38
28.320257 1661.683455 58.674731 44 39
30.619897 1845.881550 60.283729 45 39
31.630404 1832.437095 57.932776 44 38
29.698233 1736.820270 58.482277 44 39
28.424068 1662.227340 58.479572 44 39
29.020920 1697.272365 58.484444 44 39
29.618269 1761.169695 59.462275 45 40
30.453353 1767.810885 58.049794 44 39
29.900515 1754.946540 58.692853 44 40
28.825869 1691.654715 58.685299 44 38
29.013726 1705.836240 58.794110 44 38
29.272719 1738.407420 59.386607 44 38
28.718113 1688.346915 58.790314 45 39
28.550425 1671.568830 58.547949 44 39
28.430706 1669.402260 58.718285 45 38
28.428947 1667.915760 58.669629 44 39
28.970683 1702.442250 58.764311 44 39
29.594321 1748.783385 59.091856 45 38
30.589591 1814.656710 59.322687 45 39
28.256115 1658.496960 58.695152 44 39
32.126900 1953.152835 60.794937 45 39
