26.843730 1697.773785 63.246569 48 39
29.623607 1862.325195 62.866254 47 40
26.796507 1728.457890 64.503104 48 39
28.309285 1788.668625 63.183107 47 40
26.586633 1686.449130 63.432218 47 40
26.259630 1678.297695 63.911705 46 38
26.939755 1697.156610 62.998220 47 40
27.711528 1757.539605 63.422689 46 40
27.065220 1717.279620 63.449682 46 39
27.484128 1756.747365 63.918614 47 40
26.084892 1664.518125 63.811578 47 40
28.672716 1859.699235 64.859543 45 39
26.107849 1661.115525 63.625140 46 40
25.829294 1643.801445 63.640973 46 40
26.641319 1688.106000 63.364204 46 40
27.263375 1727.013315 63.345544 46 39
26.206766 1650.260670 62.970786 45 41
25.994243 1654.778640 63.659429 45 40
26.670215 1677.759915 62.907627 47 40
26.647383 1695.403740 63.623650 46 39
27.872644 1791.474540 64.273577 46 40
26.816081 1692.494985 63.114926 45 39
27.786510 1778.368935 64.001163 46 39
27.660101 1745.699415 63.112548 48 39
26.208938 1663.988520 63.489353 46 40
26.939416 1710.379560 63.489853 45 39
26.365597 1656.211275 62.817136 45 40
26.292820 1677.166380 63.787998 45 39
26.374909 1676.694150 63.571561 44 39
26.490398 1686.047400 63.647493 47 40
26.808594 1683.703230 62.804608 45 40
26.578724 1688.591985 63.531717 46 40
26.545364 1685.912805 63.510631 46 40
26.942809 1715.214690 63.661316 46 40
26.227166 1667.234565 63.568993 46 40
26.208513 1660.329180 63.350758 45 40
26.768745 1695.695055 63.346080 46 39
26.501767 1682.391570 63.482242 45 39
25.691711 1639.141485 63.800402 46 40
25.850598 1642.546365 63.539975 48 40
26.632704 1693.950570 63.604153 45 39
27.652969 1747.116765 63.180079 46 39
28.058621 1801.789575 64.215187 44 39
27.009452 1705.842180 63.157230 46 40
26.657682 1693.233810 63.517668 47 40
26.027306 1659.892200 63.775030 47 40
26.055153 1656.106590 63.561576 46 39
26.773292 1692.531180 63.217148 46 40
26.562860 1687.373970 63.523806 45 40
27.933631 1792.668315 64.175985 47 39
