25.358188 1774.459065 69.975783 49 41
24.822266 1707.471930 68.787916 48 43
25.090222 1711.777965 68.224902 48 42
25.361971 1742.724405 68.714076 48 41
24.972855 1725.962190 69.113531 49 42
24.274600 1676.241570 69.053314 49 41
24.686447 1698.253755 68.792960 47 40
24.264161 1670.193480 68.833761 49 41
24.640828 1698.885390 68.945954 48 42
25.152355 1732.571835 68.883085 48 41
26.762396 1807.469580 67.537660 48 41
25.914559 1814.250450 70.008926 48 40
24.374245 1678.999110 68.884150 49 41
23.898876 1650.334425 69.054896 49 41
26.420582 1793.217675 67.871997 48 41
24.019084 1664.819325 69.312357 49 41
24.426352 1690.229745 69.196979 49 42
24.846864 1755.275730 70.643752 48 41
23.867149 1656.096375 69.388112 48 41
25.474382 1756.859505 68.965737 49 40
26.687198 1887.225930 70.716527 49 42
25.356609 1776.371295 70.055553 48 41
24.039888 1648.830480 68.587278 48 40
25.598916 1754.249220 68.528263 48 40
24.563249 1701.633780 69.275599 48 40
25.334706 1742.716950 68.787732 48 41
25.712773 1761.458730 68.505203 48 41
24.048395 1657.700400 68.931850 47 40
25.100187 1731.279540 68.974767 48 39
24.846432 1702.265160 68.511454 47 40
24.417514 1684.919730 69.004555 48 40
24.698505 1680.758685 68.051030 48 41
26.799002 1805.395440 67.368010 48 43
24.574949 1694.373315 68.947175 48 41
24.130785 1662.736020 68.905176 49 41
24.668746 1690.001835 68.507813 48 41
24.195842 1674.088545 69.189100 46 40
26.947671 1828.325865 67.847268 48 42
25.762318 1762.491000 68.413526 48 41
24.096492 1672.016400 69.388375 49 41
24.438058 1690.316010 69.167363 48 41
24.142875 1659.698040 68.744838 48 41
24.053356 1664.604885 69.204683 47 40
24.862771 1715.472165 68.997625 47 40
24.868120 1704.262290 68.532013 49 41
25.577187 1756.805145 68.686410 47 40
25.417858 1734.679380 68.246483 48 40
25.413324 1737.920610 68.386199 47 41
25.135206 1728.275700 68.759162 48 40
23.884406 1653.250065 69.218807 48 41
