23.880292 1832.676165 76.744294 43 39
23.665879 1753.180005 74.080493 45 40
23.149601 1721.014515 74.343160 44 40
23.076932 1745.069115 75.619631 45 41
22.499127 1693.818735 75.283754 47 43
23.607501 1788.001005 75.738682 46 41
23.744110 1806.917430 76.099607 48 42
22.473698 1686.433170 75.040306 48 42
23.392175 1717.223925 73.410186 48 44
22.897112 1708.842405 74.631350 48 43
23.177542 1733.097570 74.774866 48 43
24.055568 1813.927710 75.405731 49 42
22.792894 1697.183970 74.461100 49 41
26.392226 2004.286770 75.942317 50 42
22.811393 1705.851990 74.780703 49 43
22.896101 1714.756410 74.892945 49 44
23.013606 1753.467900 76.192662 49 42
22.914816 1731.547905 75.564555 50 42
22.453394 1684.465560 75.020533 50 43
23.291632 1776.261030 76.261768 51 43
24.998112 1927.816185 77.118471 49 43
22.112955 1672.952025 75.654838 49 42
23.286346 1751.283810 75.206467 50 43
24.445254 1870.852380 76.532337 49 43
23.805848 1773.422310 74.495237 50 42
23.875916 1778.252880 74.478939 49 42
23.425018 1743.922275 74.447000 50 43
22.320703 1689.742815 75.702939 48 42
22.840950 1711.303530 74.922608 49 43
23.047529 1707.615210 74.091031 49 43
22.997133 1729.209765 75.192407 49 44
22.760993 1698.232050 74.611511 49 42
22.753956 1705.851945 74.969467 50 44
23.161906 1729.996620 74.691461 49 43
22.306159 1675.304925 75.105039 51 44
22.502658 1681.397670 74.719959 49 43
22.664961 1699.634115 74.989499 50 43
23.514736 1759.059030 74.806667 50 44
23.213082 1740.350820 74.972847 50 41
22.219501 1674.673980 75.369558 50 42
22.663560 1694.140815 74.751751 51 42
22.917115 1709.727120 74.604814 49 44
23.706566 1818.088965 76.691366 51 43
22.688403 1710.234000 75.379214 50 43
24.095088 1809.361530 75.092548 50 43
22.911389 1707.443040 74.523770 49 42
22.916798 1713.850830 74.785788 49 45
23.122583 1735.865415 75.072296 49 43
23.210677 1728.096885 74.452671 49 43
23.452530 1748.161380 74.540419 49 43
