23.880292 1832.676165 76.744294 43 39	26.843730 1697.773785 63.246569 48 39
23.665879 1753.180005 74.080493 45 40	29.623607 1862.325195 62.866254 47 40
23.149601 1721.014515 74.343160 44 40	26.796507 1728.457890 64.503104 48 39
23.076932 1745.069115 75.619631 45 41	28.309285 1788.668625 63.183107 47 40
22.499127 1693.818735 75.283754 47 43	26.586633 1686.449130 63.432218 47 40
23.607501 1788.001005 75.738682 46 41	26.259630 1678.297695 63.911705 46 38
23.744110 1806.917430 76.099607 48 42	26.939755 1697.156610 62.998220 47 40
22.473698 1686.433170 75.040306 48 42	27.711528 1757.539605 63.422689 46 40
23.392175 1717.223925 73.410186 48 44	27.065220 1717.279620 63.449682 46 39
22.897112 1708.842405 74.631350 48 43	27.484128 1756.747365 63.918614 47 40
23.177542 1733.097570 74.774866 48 43	26.084892 1664.518125 63.811578 47 40
24.055568 1813.927710 75.405731 49 42	28.672716 1859.699235 64.859543 45 39
22.792894 1697.183970 74.461100 49 41	26.107849 1661.115525 63.625140 46 40
26.392226 2004.286770 75.942317 50 42	25.829294 1643.801445 63.640973 46 40
22.811393 1705.851990 74.780703 49 43	26.641319 1688.106000 63.364204 46 40
22.896101 1714.756410 74.892945 49 44	27.263375 1727.013315 63.345544 46 39
23.013606 1753.467900 76.192662 49 42	26.206766 1650.260670 62.970786 45 41
22.914816 1731.547905 75.564555 50 42	25.994243 1654.778640 63.659429 45 40
22.453394 1684.465560 75.020533 50 43	26.670215 1677.759915 62.907627 47 40
23.291632 1776.261030 76.261768 51 43	26.647383 1695.403740 63.623650 46 39
24.998112 1927.816185 77.118471 49 43	27.872644 1791.474540 64.273577 46 40
22.112955 1672.952025 75.654838 49 42	26.816081 1692.494985 63.114926 45 39
23.286346 1751.283810 75.206467 50 43	27.786510 1778.368935 64.001163 46 39
24.445254 1870.852380 76.532337 49 43	27.660101 1745.699415 63.112548 48 39
23.805848 1773.422310 74.495237 50 42	26.208938 1663.988520 63.489353 46 40
23.875916 1778.252880 74.478939 49 42	26.939416 1710.379560 63.489853 45 39
23.425018 1743.922275 74.447000 50 43	26.365597 1656.211275 62.817136 45 40
22.320703 1689.742815 75.702939 48 42	26.292820 1677.166380 63.787998 45 39
22.840950 1711.303530 74.922608 49 43	26.374909 1676.694150 63.571561 44 39
23.047529 1707.615210 74.091031 49 43	26.490398 1686.047400 63.647493 47 40
22.997133 1729.209765 75.192407 49 44	26.808594 1683.703230 62.804608 45 40
22.760993 1698.232050 74.611511 49 42	26.578724 1688.591985 63.531717 46 40
22.753956 1705.851945 74.969467 50 44	26.545364 1685.912805 63.510631 46 40
23.161906 1729.996620 74.691461 49 43	26.942809 1715.214690 63.661316 46 40
22.306159 1675.304925 75.105039 51 44	26.227166 1667.234565 63.568993 46 40
22.502658 1681.397670 74.719959 49 43	26.208513 1660.329180 63.350758 45 40
22.664961 1699.634115 74.989499 50 43	26.768745 1695.695055 63.346080 46 39
23.514736 1759.059030 74.806667 50 44	26.501767 1682.391570 63.482242 45 39
23.213082 1740.350820 74.972847 50 41	25.691711 1639.141485 63.800402 46 40
22.219501 1674.673980 75.369558 50 42	25.850598 1642.546365 63.539975 48 40
22.663560 1694.140815 74.751751 51 42	26.632704 1693.950570 63.604153 45 39
22.917115 1709.727120 74.604814 49 44	27.652969 1747.116765 63.180079 46 39
23.706566 1818.088965 76.691366 51 43	28.058621 1801.789575 64.215187 44 39
22.688403 1710.234000 75.379214 50 43	27.009452 1705.842180 63.157230 46 40
24.095088 1809.361530 75.092548 50 43	26.657682 1693.233810 63.517668 47 40
22.911389 1707.443040 74.523770 49 42	26.027306 1659.892200 63.775030 47 40
22.916798 1713.850830 74.785788 49 45	26.055153 1656.106590 63.561576 46 39
23.122583 1735.865415 75.072296 49 43	26.773292 1692.531180 63.217148 46 40
23.210677 1728.096885 74.452671 49 43	26.562860 1687.373970 63.523806 45 40
23.452530 1748.161380 74.540419 49 43	27.933631 1792.668315 64.175985 47 39
