23.880292 1832.676165 76.744294 43 39	25.358188 1774.459065 69.975783 49 41
23.665879 1753.180005 74.080493 45 40	24.822266 1707.471930 68.787916 48 43
23.149601 1721.014515 74.343160 44 40	25.090222 1711.777965 68.224902 48 42
23.076932 1745.069115 75.619631 45 41	25.361971 1742.724405 68.714076 48 41
22.499127 1693.818735 75.283754 47 43	24.972855 1725.962190 69.113531 49 42
23.607501 1788.001005 75.738682 46 41	24.274600 1676.241570 69.053314 49 41
23.744110 1806.917430 76.099607 48 42	24.686447 1698.253755 68.792960 47 40
22.473698 1686.433170 75.040306 48 42	24.264161 1670.193480 68.833761 49 41
23.392175 1717.223925 73.410186 48 44	24.640828 1698.885390 68.945954 48 42
22.897112 1708.842405 74.631350 48 43	25.152355 1732.571835 68.883085 48 41
23.177542 1733.097570 74.774866 48 43	26.762396 1807.469580 67.537660 48 41
24.055568 1813.927710 75.405731 49 42	25.914559 1814.250450 70.008926 48 40
22.792894 1697.183970 74.461100 49 41	24.374245 1678.999110 68.884150 49 41
26.392226 2004.286770 75.942317 50 42	23.898876 1650.334425 69.054896 49 41
22.811393 1705.851990 74.780703 49 43	26.420582 1793.217675 67.871997 48 41
22.896101 1714.756410 74.892945 49 44	24.019084 1664.819325 69.312357 49 41
23.013606 1753.467900 76.192662 49 42	24.426352 1690.229745 69.196979 49 42
22.914816 1731.547905 75.564555 50 42	24.846864 1755.275730 70.643752 48 41
22.453394 1684.465560 75.020533 50 43	23.867149 1656.096375 69.388112 48 41
23.291632 1776.261030 76.261768 51 43	25.474382 1756.859505 68.965737 49 40
24.998112 1927.816185 77.118471 49 43	26.687198 1887.225930 70.716527 49 42
22.112955 1672.952025 75.654838 49 42	25.356609 1776.371295 70.055553 48 41
23.286346 1751.283810 75.206467 50 43	24.039888 1648.830480 68.587278 48 40
24.445254 1870.852380 76.532337 49 43	25.598916 1754.249220 68.528263 48 40
23.805848 1773.422310 74.495237 50 42	24.563249 1701.633780 69.275599 48 40
23.875916 1778.252880 74.478939 49 42	25.334706 1742.716950 68.787732 48 41
23.425018 1743.922275 74.447000 50 43	25.712773 1761.458730 68.505203 48 41
22.320703 1689.742815 75.702939 48 42	24.048395 1657.700400 68.931850 47 40
22.840950 1711.303530 74.922608 49 43	25.100187 1731.279540 68.974767 48 39
23.047529 1707.615210 74.091031 49 43	24.846432 1702.265160 68.511454 47 40
22.997133 1729.209765 75.192407 49 44	24.417514 1684.919730 69.004555 48 40
22.760993 1698.232050 74.611511 49 42	24.698505 1680.758685 68.051030 48 41
22.753956 1705.851945 74.969467 50 44	26.799002 1805.395440 67.368010 48 43
23.161906 1729.996620 74.691461 49 43	24.574949 1694.373315 68.947175 48 41
22.306159 1675.304925 75.105039 51 44	24.130785 1662.736020 68.905176 49 41
22.502658 1681.397670 74.719959 49 43	24.668746 1690.001835 68.507813 48 41
22.664961 1699.634115 74.989499 50 43	24.195842 1674.088545 69.189100 46 40
23.514736 1759.059030 74.806667 50 44	26.947671 1828.325865 67.847268 48 42
23.213082 1740.350820 74.972847 50 41	25.762318 1762.491000 68.413526 48 41
22.219501 1674.673980 75.369558 50 42	24.096492 1672.016400 69.388375 49 41
22.663560 1694.140815 74.751751 51 42	24.438058 1690.316010 69.167363 48 41
22.917115 1709.727120 74.604814 49 44	24.142875 1659.698040 68.744838 48 41
23.706566 1818.088965 76.691366 51 43	24.053356 1664.604885 69.204683 47 40
22.688403 1710.234000 75.379214 50 43	24.862771 1715.472165 68.997625 47 40
24.095088 1809.361530 75.092548 50 43	24.868120 1704.262290 68.532013 49 41
22.911389 1707.443040 74.523770 49 42	25.577187 1756.805145 68.686410 47 40
22.916798 1713.850830 74.785788 49 45	25.417858 1734.679380 68.246483 48 40
23.122583 1735.865415 75.072296 49 43	25.413324 1737.920610 68.386199 47 41
23.210677 1728.096885 74.452671 49 43	25.135206 1728.275700 68.759162 48 40
23.452530 1748.161380 74.540419 49 43	23.884406 1653.250065 69.218807 48 41
