23.880292 1832.676165 76.744294 43 39	28.816211 1697.242365 58.898873 45 39
23.665879 1753.180005 74.080493 45 40	28.119303 1651.481925 58.731255 46 38
23.149601 1721.014515 74.343160 44 40	30.154711 1754.914635 58.197030 44 40
23.076932 1745.069115 75.619631 45 41	28.238749 1662.062130 58.857498 44 39
22.499127 1693.818735 75.283754 47 43	29.351451 1740.533985 59.299760 45 38
23.607501 1788.001005 75.738682 46 41	28.895878 1692.227385 58.562933 45 38
23.744110 1806.917430 76.099607 48 42	27.792193 1639.116660 58.977594 44 38
22.473698 1686.433170 75.040306 48 42	29.661338 1731.436095 58.373499 45 37
23.392175 1717.223925 73.410186 48 44	30.253962 1780.490925 58.851496 46 38
22.897112 1708.842405 74.631350 48 43	29.335318 1723.290630 58.744570 45 39
23.177542 1733.097570 74.774866 48 43	28.633348 1685.689710 58.871554 45 38
24.055568 1813.927710 75.405731 49 42	29.013235 1697.479020 58.507057 44 38
22.792894 1697.183970 74.461100 49 41	32.562685 1933.237710 59.369726 44 38
26.392226 2004.286770 75.942317 50 42	29.248482 1708.055355 58.398085 44 38
22.811393 1705.851990 74.780703 49 43	30.339591 1772.626245 58.426174 45 38
22.896101 1714.756410 74.892945 49 44	27.917005 1650.021225 59.104522 45 39
23.013606 1753.467900 76.192662 49 42	28.672828 1681.689840 58.650994 44 38
22.914816 1731.547905 75.564555 50 42	30.264971 1765.798290 58.344623 45 38
22.453394 1684.465560 75.020533 50 43	29.651575 1758.827745 59.316504 46 39
23.291632 1776.261030 76.261768 51 43	29.696900 1736.716815 58.481418 45 39
24.998112 1927.816185 77.118471 49 43	28.101299 1647.841980 58.639352 46 38
22.112955 1672.952025 75.654838 49 42	31.170941 1866.753615 59.887624 45 37
23.286346 1751.283810 75.206467 50 43	28.408554 1674.282060 58.935842 45 38
24.445254 1870.852380 76.532337 49 43	28.408181 1669.197015 58.757616 44 38
23.805848 1773.422310 74.495237 50 42	29.869316 1748.294175 58.531442 44 39
23.875916 1778.252880 74.478939 49 42	29.616268 1732.959105 58.513757 44 39
23.425018 1743.922275 74.447000 50 43	28.406646 1672.481475 58.876414 45 38
22.320703 1689.742815 75.702939 48 42	31.183074 1800.654315 57.744606 44 39
22.840950 1711.303530 74.922608 49 43	27.577676 1631.126265 59.146618 44 38
23.047529 1707.615210 74.091031 49 43	28.320257 1661.683455 58.674731 44 39
22.997133 1729.209765 75.192407 49 44	30.619897 1845.881550 60.283729 45 39
22.760993 1698.232050 74.611511 49 42	31.630404 1832.437095 57.932776 44 38
22.753956 1705.851945 74.969467 50 44	29.698233 1736.820270 58.482277 44 39
23.161906 1729.996620 74.691461 49 43	28.424068 1662.227340 58.479572 44 39
22.306159 1675.304925 75.105039 51 44	29.020920 1697.272365 58.484444 44 39
22.502658 1681.397670 74.719959 49 43	29.618269 1761.169695 59.462275 45 40
22.664961 1699.634115 74.989499 50 43	30.453353 1767.810885 58.049794 44 39
23.514736 1759.059030 74.806667 50 44	29.900515 1754.946540 58.692853 44 40
23.213082 1740.350820 74.972847 50 41	28.825869 1691.654715 58.685299 44 38
22.219501 1674.673980 75.369558 50 42	29.013726 1705.836240 58.794110 44 38
22.663560 1694.140815 74.751751 51 42	29.272719 1738.407420 59.386607 44 38
22.917115 1709.727120 74.604814 49 44	28.718113 1688.346915 58.790314 45 39
23.706566 1818.088965 76.691366 51 43	28.550425 1671.568830 58.547949 44 39
22.688403 1710.234000 75.379214 50 43	28.430706 1669.402260 58.718285 45 38
24.095088 1809.361530 75.092548 50 43	28.428947 1667.915760 58.669629 44 39
22.911389 1707.443040 74.523770 49 42	28.970683 1702.442250 58.764311 44 39
22.916798 1713.850830 74.785788 49 45	29.594321 1748.783385 59.091856 45 38
23.122583 1735.865415 75.072296 49 43	30.589591 1814.656710 59.322687 45 39
23.210677 1728.096885 74.452671 49 43	28.256115 1658.496960 58.695152 44 39
23.452530 1748.161380 74.540419 49 43	32.126900 1953.152835 60.794937 45 39
