24.432722 1898.194500 77.690667 62 54 24.457377 1898.713275 77.633562 64 56 22.804308 1788.473370 78.426996 65 56 23.340355 1818.371505 77.906764 65 54 
22.859852 1754.139525 76.734509 60 51 22.572981 1730.715915 76.672015 61 52 23.081532 1774.221195 76.867567 63 53 22.978313 1788.817320 77.848069 63 51 
23.560570 1792.413330 76.076823 57 49 23.068061 1755.601455 76.105288 60 52 23.266111 1785.964830 76.762501 61 50 22.412444 1734.840630 77.405240 61 49 
22.717805 1708.265880 75.195023 56 48 22.126638 1691.919660 76.465285 57 49 23.727496 1796.588220 75.717564 58 49 22.935030 1772.997390 77.305213 59 48 
23.945822 1796.326500 75.016281 54 46 24.621981 1897.560090 77.067726 56 47 23.396896 1755.363675 75.025493 58 47 23.836158 1814.213370 76.111819 56 47 
23.921494 1786.520175 74.682634 53 47 22.686319 1711.423770 75.438584 56 47 22.923457 1719.138075 74.994712 55 48 23.851342 1827.626730 76.625739 55 46 
22.862657 1720.093740 75.235952 54 46 23.576268 1783.988025 75.668805 55 47 24.314191 1805.641770 74.262878 56 45 23.461733 1768.161435 75.363633 56 46 
23.177578 1720.749975 74.242010 52 45 22.818579 1730.676255 75.845050 54 47 23.545277 1751.967300 74.408440 54 45 22.971433 1729.894005 75.306318 54 46 
23.996099 1818.592710 75.787015 52 45 25.724528 1904.708295 74.042498 52 48 23.241841 1711.097865 73.621444 55 45 24.273833 1822.906230 75.097585 53 47 
23.429680 1749.091860 74.652829 51 45 23.186172 1753.683765 75.634898 52 45 22.835882 1715.709375 75.132169 53 44 23.518954 1771.379490 75.317104 53 45 
