40 54.1775 3958.47 73.0649	40 58.903 4428.88 75.1894
45 50.5535 3988.7 78.9006	45 53.7616 4476.28 83.2616
50 48.4086 4041.8 83.4935	50 49.4719 4521.86 91.4026
55 47.0688 4078.83 86.6567	55 46.9057 4517.45 96.3093
60 46.1457 4102.19 88.8964	60 45.5111 4535.02 99.6464
65 45.6992 4108.19 89.8964	65 45.5108 4537.93 99.7112
70 45.5734 4116.41 90.3248	70 45.5081 4557.51 100.147
75 45.5791 4132.77 90.6724	75 45.5094 4584.74 100.743
80 45.576 4136.64 90.7635	80 45.5094 4615.96 101.429
85 45.5761 4118.44 90.3642	85 45.5094 4524.31 99.4149
90 45.5777 4126.56 90.5391	90 45.5091 4545 99.8701
95 45.5721 4118.48 90.3729	95 45.5068 4526.13 99.4604
100 45.5761 4119.48 90.3868	100 45.5081 4522.44 99.3767
0 45.5744 4127.34 90.5627	0 45.5139 4540.06 99.7509
