40 49.5687 3628.34 73.1982 40 54.4718 4168.99 76.5348
45 46.0797 3651.64 79.2463 45 49.6036 4220.08 85.0761
50 44.1095 3706.19 84.0224 50 46.0923 4322.49 93.779
55 42.6451 3745.53 87.8301 55 43.5581 4412.15 101.293
60 41.8565 3785.28 90.4347 60 41.2657 4408.78 106.839
65 41.2761 3812.95 92.3767 65 41.7297 4481.25 107.388
70 41.0978 3855.23 93.8061 70 41.1919 4475.24 108.644
75 41.1526 3885.98 94.4285 75 41.2169 4492.45 108.995
80 41.0282 3889.48 94.8003 80 41.2151 4512.68 109.491
85 41.0779 3899.35 94.9257 85 41.2219 4468.03 108.39
90 41.1858 3890.44 94.4606 90 41.179 4437.65 107.765
95 41.0981 3874.83 94.2826 95 41.0012 4411.37 107.591
100 41.1103 3895.39 94.7545 100 41.1775 4466.4 108.467
NoCap 41.1381 3881.33 94.3488 0 41.1874 4417.84 107.262
