6.25% 162.516 67.5225 76.1899 28.2421 19.4653 21.671
12.5% 161.51 68.2271 74.4385 28.1683 19.4319 20.0831
18.75% 115.794 47.6061 55.0103 19.8187 14.3715 15.7847
25% 88.332 36.3919 41.8205 15.0479 11.4555 11.386
31.25% 66.159 27.1407 31.5696 11.0795 8.78395 8.61411
37.5% 56.9528 23.0618 27.5514 9.64421 7.62423 7.50767
43.75% 50.192 19.7292 25.0775 8.55006 7.49376 6.60805
50% 46.5112 18.4279 23.0463 8.25481 6.80714 5.68917
56.25% 40.4587 16.1196 19.9602 6.69967 6.42432 4.85844
62.5% 37.4751 15.172 18.1586 6.22773 5.51764 4.5156
68.75% 34.0927 13.6411 16.6683 5.51563 5.14735 4.31688
75% 30.3801 12.2371 14.6583 5.07809 4.48924 3.58294
81.25% 29.4736 11.8484 14.4195 4.64621 4.52389 3.79726
87.5% 27.0096 10.8683 13.1737 4.33685 4.16625 3.32994
93.75% 24.5358 10.0194 11.8166 3.92465 3.60893 3.03373
100% 22.8897 9.28573 11.06 3.68942 3.34357 2.83761
