6.25% 6329.19 2461.65 3155.75 1328.58 748.708 809.753
12.5% 6280.02 2482.81 3085.39 1324.71 744.7 748.975
18.75% 4576.63 1744.84 2327.04 970.008 558.431 595.34
25% 3549.98 1341.79 1816.53 769.863 450.328 432.86
31.25% 2713.82 1006.74 1414.14 600.311 350.011 330.774
37.5% 2375.54 862.026 1261.29 539.76 308.335 290.868
43.75% 2120.38 741.75 1162.37 489.104 305.532 257.925
50% 2035.48 708.31 1118.64 493.034 288.114 229.223
56.25% 1899.34 650.013 1055.93 457.077 291.663 205.836
62.5% 1827.31 629.853 1009 450.938 260.526 196.626
68.75% 1783.23 593.292 1005.94 450.06 259.799 198.651
75% 1729.92 565.77 980.837 466.191 243.467 176.24
81.25% 1730.18 559.625 997.274 451.132 257.134 193.278
87.5% 1725.68 544.938 1006.57 471.518 256.602 181.422
93.75% 1701 535.022 996.034 477.791 243.135 176.216
100% 1713.62 524.49 1016.96 497.809 241.42 175.367
