63.570138	26.749818	29.668886	11.104455	8.127002	7.413616
66.147465	27.513542	31.206150	10.822626	8.470059	8.866707
65.406270	26.743450	31.380801	10.848846	8.295736	9.123753
67.962532	26.791746	32.718316	12.652924	9.038606	7.932024
65.216425	26.766061	31.226386	10.966923	8.786292	8.556517
67.685175	27.487674	32.543257	10.871394	8.803796	9.796044
67.064853	27.583985	32.154607	10.868947	9.919715	8.013496
68.155817	26.776768	33.926145	11.089625	8.929360	10.852843
63.727212	26.781274	29.604625	10.657453	8.640972	7.210222
66.654227	28.212351	31.267158	10.911990	8.827952	8.375904
