114.156094	47.190030	54.108931	19.861713	13.210521	15.979934
113.491398	47.155007	53.522950	19.549073	12.900278	16.179134
116.503234	47.164574	56.260484	19.369349	15.505480	16.242130
114.948439	47.158865	54.285873	19.321662	16.303514	13.852461
115.364005	49.043841	53.408351	19.632275	15.331638	13.336931
122.557329	47.185019	60.620922	22.298780	13.909874	19.314049
116.472826	47.143098	56.542525	19.459997	13.886804	17.998728
119.613320	49.803156	56.673387	19.341353	14.878107	17.359715
113.797789	47.084241	53.799932	19.723791	13.506671	15.529223
111.036112	47.133638	50.879610	19.629439	14.282307	12.054563
