26.223969	10.709298	12.612366	4.264559	3.789961	3.230653
27.362999	11.188948	13.118771	4.251813	3.943275	3.588339
27.514333	11.168868	13.436937	4.304720	4.221553	3.543624
27.328487	10.725849	13.773113	4.546381	3.998977	3.907126
26.929611	10.647614	13.365871	4.216143	4.849441	2.958239
25.755392	10.660873	12.196963	4.262390	3.681562	2.925096
27.189472	11.131091	13.061425	4.221439	4.504617	3.010185
27.330854	10.911210	13.537043	4.218061	3.943325	4.075773
27.803893	10.711268	14.065839	4.237294	5.023473	3.403219
26.656526	10.827752	12.568988	4.845741	3.706366	2.657105
