50.796166	19.784185	25.486035	7.973355	7.363037	7.550556
48.954506	19.652866	24.019846	8.174445	7.577712	5.924370
50.340483	19.655031	25.198790	8.711634	7.357705	6.683286
53.372430	19.976134	28.143555	9.884348	7.355684	8.527708
48.281806	19.625622	23.223297	7.918872	7.054029	5.868133
49.176895	19.601815	24.231083	8.000875	7.394755	6.493220
48.636852	19.646122	23.630976	7.947542	7.646066	5.622406
53.113675	19.614759	28.001894	10.895137	7.716781	6.995425
50.335769	20.103089	24.885691	8.013074	7.362004	6.953206
48.911765	19.632724	23.953635	7.981323	8.109856	5.462146
