25.747066	10.285327	12.696524	3.914742	3.931395	3.602468
24.512402	9.926430	11.852501	3.921829	3.606241	3.045900
23.980134	9.928563	11.358997	3.900421	3.557955	2.633487
24.401157	9.941223	11.780828	3.913142	3.500083	3.117716
23.457500	9.911460	10.913167	3.887311	3.363437	2.468064
24.429692	9.934375	11.849057	3.946418	3.253744	3.405468
23.724814	10.172186	10.857060	3.943161	3.220043	2.392377
24.956517	9.909603	12.343020	3.950616	4.235428	2.934568
25.214567	9.946218	12.569394	3.905840	3.717428	3.720420
24.934174	10.238273	11.944992	3.963040	3.703503	3.016873
