37.187234	15.421327	17.596515	6.104126	5.225797	4.379361
36.845429	15.112629	17.713672	6.089899	5.325876	4.302829
37.210313	15.009576	17.931256	6.016443	5.942150	4.133354
36.717265	15.289293	17.214960	6.096698	5.347715	3.858038
38.523865	15.680346	18.770798	6.215774	5.444087	5.326797
39.487508	15.026827	20.204516	7.490222	6.071596	4.674637
36.596214	15.010719	17.490905	6.085931	5.133567	4.360200
38.410829	15.000428	19.421446	6.093575	5.412880	5.997263
36.242626	15.146514	16.858406	6.018382	5.318741	3.605751
37.530152	15.021902	18.383593	6.066254	5.954013	4.517746
