56.730722	22.900929	27.703908	9.333459	7.158489	8.528027
58.514755	22.897116	29.350515	11.238978	7.729057	7.628444
56.131502	22.905919	26.999064	9.291861	7.597954	7.303081
56.213880	23.257982	26.584440	9.343891	7.796213	6.717350
58.701418	24.262383	28.221493	9.506790	7.913654	7.977261
58.186604	22.845113	29.154787	9.353137	7.484304	9.469317
56.585602	22.905719	27.393168	9.360073	8.118024	7.189063
54.802655	22.899300	25.850091	9.236526	7.212096	6.632062
58.319108	22.883566	28.116978	10.547498	7.250575	7.409358
55.342223	22.859933	26.140028	9.229904	7.981896	6.222716
