31.152471	11.964160	15.911929	4.631222	6.805129	3.013994
29.883298	11.641973	14.996603	4.661429	4.060623	4.806126
31.013176	12.094961	15.650200	4.656422	4.827148	4.711357
27.700060	11.656395	12.928385	4.567268	3.948632	3.006120
28.807693	11.921870	13.659480	4.646248	4.418729	3.140463
28.919125	11.662106	14.151023	4.662073	4.068526	4.026589
29.285374	12.236163	13.856152	4.744870	4.458361	3.181689
28.242503	11.646207	13.374451	4.690923	4.210984	2.976325
30.416375	11.607675	15.532660	4.581005	4.648046	4.831833
29.315835	12.052123	14.133758	4.620685	3.792764	4.278086
