29.557378	12.186046	13.958055	4.849258	4.173507	3.393223
33.487009	12.181370	17.982715	4.940969	4.935102	6.589174
30.581087	12.405880	14.356139	5.434876	4.303147	3.123224
29.586889	12.142829	14.050950	4.785733	4.572701	3.113438
30.611104	12.207485	15.159943	5.214358	4.818025	3.637275
29.945348	12.547516	14.052662	4.988871	4.114873	3.465099
29.903451	12.160919	14.489767	4.869864	4.653958	3.473839
31.201098	12.160208	15.142111	5.484767	4.910240	3.248393
29.638335	12.190290	13.644863	5.368239	3.988458	2.835146
29.289258	12.188816	13.745322	4.843983	4.422429	2.950584
