40.428699	16.634104	19.371670	6.680389	5.798426	4.890715
39.966443	15.951421	19.697809	6.395137	5.623221	5.810002
40.847469	16.047741	20.387754	7.141972	5.959448	5.168750
40.240024	15.963085	19.860515	6.366473	6.239991	5.304753
38.539071	15.917637	18.340742	6.596872	5.721944	4.036012
40.808047	15.969823	20.463689	6.388110	7.660905	4.452992
41.098761	15.953691	20.743396	6.365847	8.027103	4.393652
40.532360	15.970755	20.187429	6.443335	6.568369	5.248910
42.354938	16.531982	21.405324	8.246858	6.219896	4.912867
39.771190	16.256216	19.143666	6.371745	6.423857	4.365711
