87.222273	36.752964	40.657877	14.949975	11.450754	10.436278
87.328268	36.011327	41.243480	14.500597	12.042415	10.804840
85.832165	36.072670	39.949226	14.949085	11.246948	9.804636
86.726853	36.004547	40.815828	14.738302	11.074757	10.982253
88.951888	36.073278	42.695351	14.681385	12.714156	11.301393
90.247320	36.001162	42.995732	17.286978	11.264795	10.603717
88.581645	36.022281	42.231233	14.752853	11.407420	12.050681
88.857420	36.009719	42.624674	14.582633	11.040354	13.130902
90.144284	36.483540	43.775795	15.058873	11.607230	13.171209
89.427928	38.487601	41.215820	14.978374	10.706414	11.574265
