156.714412	67.120593	71.133660	28.594651	19.569309	16.145700
159.579714	67.245918	74.262403	27.986167	18.261385	21.293507
161.665951	67.119795	76.145268	27.550323	22.636513	19.079823
166.274031	68.276334	79.172812	27.928871	19.152781	25.082276
162.173966	67.256220	76.413641	28.031515	18.292950	23.387357
166.212842	69.525690	78.260580	27.771846	20.557858	23.115983
167.647515	67.197838	81.613346	28.376693	19.260846	27.276405
161.066919	67.113174	75.392861	26.917147	20.161022	21.578935
164.556473	67.208774	75.835406	31.684502	18.538487	18.705820
159.267409	67.160975	73.669213	27.579346	18.222077	21.044468
