160.069857	67.119797	73.951486	27.993009	19.113996	20.129387
167.583264	67.167679	78.777399	30.830734	19.488957	21.754109
163.293043	67.270992	77.258758	28.367479	20.242585	22.066882
164.936727	71.587722	75.117076	28.926582	19.286801	20.023877
166.221510	73.131404	74.981470	27.398857	19.832394	20.973523
156.419394	67.220691	70.775185	27.181091	19.383766	17.592820
160.376463	67.240353	74.195032	28.255714	19.346933	19.747038
155.287019	67.247351	69.839286	27.629891	18.162114	17.250823
159.478328	67.148835	73.690941	27.599352	19.645416	19.423251
161.430451	67.135721	75.798489	27.500225	19.815617	21.869117
