34.330742	13.916210	16.677722	5.411466	5.014830	4.572951
33.426042	13.415449	16.306142	5.381008	5.068582	4.168039
35.711931	13.569600	17.843242	6.491095	4.554719	5.107287
34.083967	13.440142	17.004429	5.559751	5.049917	4.752857
33.799045	13.455228	16.567780	5.364285	5.289479	4.287954
34.538321	13.936568	16.918457	5.419033	5.256074	4.476318
33.736697	13.964407	15.996276	5.376808	5.207483	3.670105
33.741898	13.823517	16.095881	5.355826	5.081851	3.923997
33.015939	13.448975	15.889783	5.417939	5.013142	3.828771
34.542435	13.441221	17.382877	5.379093	5.937458	4.380495
