44.422719	18.277812	21.208042	7.320475	6.461246	5.253932
47.793328	18.303473	24.298108	7.295301	8.419132	6.312057
55.865571	18.993015	31.770400	14.263937	7.685413	7.283769
44.634754	18.687635	20.972028	7.329166	6.391756	4.973479
45.953965	18.320817	22.570884	7.285161	7.370664	5.659917
44.667395	18.307301	21.324835	7.372453	6.355387	5.407843
43.309019	18.482823	19.826685	7.521445	5.997321	4.139845
47.524808	18.318077	24.054377	8.880146	6.565144	6.165710
45.221134	18.283899	21.930577	7.351638	6.223912	5.999305
45.719106	18.304039	22.507256	7.928412	6.601418	5.695884
