23.433099	9.266723	11.680925	3.624581	3.558260	3.316702
23.762818	9.261254	11.639128	4.039169	3.624537	2.818028
21.879111	9.251849	10.030780	3.658948	3.107102	2.092297
22.546544	9.264483	10.780563	3.637455	3.361991	2.579812
22.371334	9.228391	10.641975	3.674616	3.051165	2.752299
23.947372	9.253436	12.150383	3.649184	3.955311	3.300800
22.766627	9.530223	10.780204	3.641207	3.339635	2.579150
23.212014	9.275584	11.434895	3.646971	3.295845	3.280871
22.857696	9.260892	11.077442	3.684508	3.093187	3.096269
22.120442	9.264458	10.383323	3.637520	3.048707	2.559825
