1	6.25%	18106.4	16236.2	3588.2	2919.5	1709.66	8018.81
2	12.5%	18301.9	16372.3	3595.89	2940.06	1879.79	7956.55
3	18.75%	13947.6	12015.5	2533.9	2120.74	1227.26	6133.62
4	25%	11780	9958.29	1965.71	1602.45	983.64	5406.48
5	31.25%	9475.18	7833.02	1457.77	1180.39	742.446	4452.41
6	37.5%	8472.04	6949.83	1230.28	1029.92	625.946	4063.69
7	43.75%	7625	6206.84	1069.39	885.103	567.163	3685.19
8	50%	7595.51	6170.14	1032.5	860.162	613.886	3663.6
9	56.25%	7446.09	5957.31	951.761	834.033	553.411	3618.11
10	62.5%	7427.96	5908.09	925.967	826.837	530.784	3624.5
11	68.75%	7531.34	5891.04	887.488	824.001	521.472	3658.08
12	75%	7770.25	5977.35	866.781	831.515	523.448	3755.61
13	81.25%	7974.15	6090.22	855.791	845.616	531.656	3857.16
14	87.5%	8456.76	6404.15	851.235	867.897	572.238	4112.78
15	93.75%	9111.25	6813.66	853.334	902.049	561.589	4496.69
16	100%	9732.37	7239.43	856.775	931.64	584.588	4866.43
