1	6.25%	397.988	360.912	98.559	65.6746	39.412	156.624
2	12.5%	402.598	364.317	98.6544	66.717	43.6785	156.625
3	18.75%	288.916	252.397	68.6287	46.4432	26.7887	110.32
4	25%	231.869	198.921	52.9515	33.1305	20.1729	92.0123
5	31.25%	173.076	145.202	38.7021	22.4072	15.1495	68.954
6	37.5%	137.947	113.253	32.0679	18.618	12.2196	50.0712
7	43.75%	118.153	96.1439	27.7365	15.3996	10.7254	42.1758
8	50%	113.741	92.9872	26.0761	14.0426	11.1496	41.5338
9	56.25%	102.549	82.9952	22.5162	12.0156	8.93543	39.5439
10	62.5%	92.3444	73.5853	21.2847	11.132	7.99826	33.1166
11	68.75%	87.9904	69.8932	19.3156	9.74133	6.89368	33.9874
12	75%	81.5667	63.9394	17.5727	8.66309	6.22172	31.5419
13	81.25%	78.8237	61.4002	16.7656	8.26047	5.91784	30.4392
14	87.5%	74.6736	57.7405	15.4171	7.46249	5.78216	29.1145
15	93.75%	71.3326	54.5219	14.4039	6.79515	4.90281	28.4123
16	100%	68.3613	51.9629	13.3186	6.27174	4.60915	27.5135
