65.700756 5081.923515 77.349544
66.100291 5112.145305 77.339225
65.754381 5087.693310 77.374210
65.690637 5084.343750 77.398301
58.665406 5098.503420 86.908176
58.693382 5101.911315 86.924814
58.709715 5103.745875 86.931880
58.670695 5101.873500 86.957782
53.419890 5154.360345 96.487663
53.591029 5172.314955 96.514568
53.228879 5140.170330 96.567323
53.407527 5155.294050 96.527482
50.519596 5332.895790 105.560936
50.111728 5293.008000 105.624137
50.182964 5299.195155 105.597493
50.196934 5301.650235 105.617014
46.836614 5408.418600 115.474160
46.916398 5413.346985 115.382835
47.100723 5435.638140 115.404557
47.039275 5427.714225 115.386859
44.296346 5557.379430 125.459093
44.244927 5550.439170 125.448036
44.366163 5569.086945 125.525549
44.394632 5571.037860 125.488997
42.480308 5690.998830 133.967928
42.589006 5699.206770 133.818732
42.469127 5678.174940 133.701241
42.580710 5690.020695 133.629071
40.976773 5678.877780 138.587724
41.035708 5678.053290 138.368597
40.940350 5659.869150 138.246721
40.975183 5655.215310 138.015621
40.850119 5653.561320 138.397670
40.740370 5602.695240 137.521951
40.731337 5559.613755 136.494753
40.975751 5559.849855 135.686344
41.050241 5502.351015 134.039434
41.136723 5510.399775 133.953298
41.197586 5545.107240 134.597869
41.115617 5557.262775 135.161846
40.897302 5460.843315 133.525761
40.801990 5448.528765 133.535858
40.893803 5493.994530 134.347850
40.989411 5537.211360 135.088826
41.022721 5497.844655 134.019503
40.873023 5480.133090 134.077020
40.943350 5512.625670 134.640319
40.855001 5522.672925 135.177404
40.901420 5457.926850 133.441010
41.058973 5482.228155 133.520829
40.920349 5493.527055 134.249271
40.996350 5529.733875 134.883566
40.857785 5478.451305 134.085862
40.838539 5475.458610 134.075772
40.809022 5493.131145 134.605801
40.833995 5521.361295 135.214822
