56.452745 4380.185415 77.590300
56.457513 4380.946860 77.597234
56.484953 4383.583950 77.606224
56.536672 4386.991110 77.595496
50.967804 4451.343315 87.336376
50.826284 4438.475160 87.326376
50.845921 4438.912230 87.301245
51.125864 4463.963865 87.313221
46.930040 4552.383330 97.003610
47.241275 4579.660305 96.941928
47.354691 4587.711600 96.879770
47.196865 4572.107535 96.873120
44.297227 4725.842415 106.684836
44.410123 4739.852340 106.729097
44.450139 4744.191300 106.730630
44.523628 4749.842415 106.681388
41.482727 4682.365710 112.875069
41.315883 4660.650555 112.805298
41.306145 4658.749740 112.785877
41.274960 4652.424045 112.717833
41.088152 4687.632090 114.087198
41.163593 4681.445865 113.727824
41.328745 4685.511975 113.371746
41.185875 4662.216810 113.199413
41.192737 4732.307265 114.882078
41.251560 4714.131210 114.277647
41.012340 4671.031230 113.893311
41.361990 4701.126540 113.658132
41.087516 4756.553640 115.766395
41.206764 4737.028770 114.957554
41.153094 4706.338980 114.361730
41.223800 4702.026075 114.060957
41.372170 4721.336820 114.118664
41.170382 4684.908030 113.793163
41.283705 4686.354390 113.515839
41.356324 4690.084335 113.406701
41.228387 4700.738625 114.017040
41.235435 4687.617705 113.679356
41.217098 4671.327585 113.334703
41.405127 4689.306855 113.254256
41.308717 4707.091185 113.949100
41.434187 4709.848695 113.670596
41.356402 4690.882515 113.425789
41.248799 4669.476195 113.202718
41.259617 4705.765890 114.052582
41.290679 4698.970710 113.802214
41.339519 4690.051215 113.452003
41.203172 4665.888405 113.240999
41.245605 4687.497585 113.648414
41.388273 4692.771420 113.384083
41.259698 4667.485125 113.124558
41.173879 4656.646605 113.097106
41.177348 4701.904830 114.186684
41.267389 4701.275265 113.922287
41.309494 4687.568025 113.474352
41.301605 4689.790620 113.549840
