40 49.2431 3611.96 73.3497	40 54.4146 4167.33 76.5848
45 46.107 3649.89 79.1613	45 49.5566 4217.83 85.1115
50 43.9237 3690.19 84.0137	50 45.9312 4316.21 93.9718
55 42.5771 3722.53 87.4305	55 43.4969 4410.44 101.397
60 41.6988 3753.85 90.0229	60 41.292 4402.22 106.612
65 41.2263 3779.55 91.6785	65 41.1851 4403.78 106.927
70 41.0368 3791.69 92.397	70 41.3567 4416.6 106.793
75 41.0295 3794.11 92.4729	75 41.2689 4404.29 106.722
80 41.0732 3801.92 92.5638	80 41.2249 4406.06 106.879
85 41.0308 3789.25 92.3514	85 41.2544 4410.62 106.913
90 41.1151 3788.68 92.1481	90 41.1964 4410.63 107.064
95 41.0364 3793.08 92.4318	95 41.1797 4404.36 106.955
100 40.993 3789.61 92.4453	100 41.2047 4411.63 107.066
NoCap 41.086 3801.71 92.5308	0 41.3681 4418.25 106.803
