49.205503 3610.351320 73.372918
49.341100 3616.300395 73.291848
49.227652 3612.518115 73.383921
49.198065 3608.677905 73.349997
46.001660 3647.723805 79.295483
46.193758 3654.589320 79.114354
46.188575 3652.293900 79.073536
46.044102 3644.939670 79.161923
43.931023 3692.268825 84.046958
43.944229 3690.475350 83.980887
43.897712 3687.227955 83.995904
43.922020 3690.805215 84.030862
42.689913 3734.573550 87.481405
42.537476 3722.238960 87.504932
42.535253 3716.698980 87.379262
42.545561 3716.627040 87.356400
41.792428 3768.702135 90.176674
41.681091 3750.224355 89.974238
41.671480 3748.679895 89.957926
41.650150 3747.794430 89.982736
41.201524 3797.954475 92.179952
41.147544 3778.572510 91.829843
41.369927 3779.543520 91.359685
41.186142 3762.123375 91.344400
41.086293 3822.539790 93.036861
41.000934 3792.039735 92.486668
41.043997 3781.720800 92.138218
41.015967 3770.442210 91.926206
41.006218 3826.250670 93.309036
40.980694 3792.415305 92.541511
41.102899 3787.778805 92.153568
41.028204 3769.979280 91.887505
41.138295 3840.270105 93.350250
41.109448 3809.700405 92.672137
41.000436 3781.166025 92.222581
41.044716 3776.539320 92.010366
41.006064 3823.027965 93.230796
41.114227 3795.075300 92.305646
41.005045 3775.248930 92.067914
40.997692 3763.635240 91.801150
41.155398 3818.432970 92.780854
41.011156 3786.290475 92.323427
41.128205 3775.912650 91.808350
41.165778 3774.075405 91.679924
41.075066 3824.082240 93.099845
41.079015 3795.208020 92.387999
40.978555 3782.297100 92.299426
41.012996 3770.738760 91.940095
40.971049 3815.727015 93.132275
41.015997 3794.482740 92.512264
41.013909 3781.943235 92.211237
40.970908 3766.273905 91.925566
41.052985 3836.863665 93.461258
41.086409 3804.428760 92.595796
41.131713 3791.530335 92.180220
41.072760 3774.016665 91.886123
