54.364495 4163.159040 76.578639
54.429287 4167.986175 76.576167
54.478227 4172.867100 76.596969
54.386576 4165.324860 76.587371
49.559997 4218.358950 85.116207
49.380708 4207.238865 85.200051
49.620589 4221.390825 85.073372
49.664983 4224.333120 85.056570
45.768719 4309.494600 94.158077
45.824145 4311.619185 94.090554
46.084867 4321.006755 93.761945
46.046875 4322.720685 93.876526
43.401782 4398.518100 101.344182
43.464868 4408.149315 101.418676
43.521402 4414.440630 101.431489
43.599597 4420.664550 101.392325
41.332041 4394.587215 106.323984
41.232932 4398.990465 106.686336
41.292258 4402.383840 106.615235
41.310688 4412.925075 106.822842
41.236559 4402.425615 106.760255
41.109235 4397.324325 106.966825
41.184638 4404.807495 106.952682
41.209875 4410.571080 107.027043
41.324334 4409.130945 106.695754
41.365805 4418.079060 106.805102
41.386413 4418.175405 106.754248
41.350289 4420.997715 106.915763
41.135882 4393.449510 106.803339
41.314700 4405.704975 106.637709
41.322793 4406.919600 106.646218
41.302108 4411.097040 106.800774
41.114769 4396.582380 106.934382
41.255655 4406.207160 106.802503
41.288030 4409.811870 106.806062
41.241000 4411.622610 106.971767
41.183809 4401.274260 106.869044
41.209792 4409.092560 106.991380
41.335515 4416.333780 106.841145
41.288472 4415.788680 106.949675
41.282263 4406.870970 106.749743
41.271705 4412.481945 106.913003
41.191203 4412.744115 107.128313
41.040513 4410.430755 107.465292
41.213954 4401.713475 106.801533
41.207546 4404.546915 106.886902
41.141733 4404.398340 107.054275
41.155701 4406.768190 107.075523
41.258655 4407.081240 106.815922
41.225802 4414.430205 107.079306
41.134051 4407.385230 107.146879
41.200269 4417.619205 107.223067
41.338694 4410.587835 106.693933
41.380801 4419.215580 106.793862
41.377556 4421.450895 106.856260
41.375227 4421.734680 106.869135
