181601 181476 59359.4 45883.2 31279.7 7751.88 7755.55 21331.7
179612 179487 58667.8 45574.2 30612.7 7642.51 7665.77 21274.7
130315 130226 42210.2 32949.1 21710.3 5897.05 5905.01 15614.9
99415.5 99348.5 31026.7 23919.1 15977.5 6149.73 6135.65 11231.6
74126.3 74076 22487.5 17298.2 11387.1 5447.11 5434.12 8160.34
63869.2 63825.3 18971.5 14443.8 9555.2 5291.33 5277.57 6782.69
56000.2 55962.7 16367.1 12482.9 8121.76 5016.42 5000.39 5815.76
55482.2 55444.9 16185.6 12249.9 8092.96 5056.15 5025.43 5588.67
54304.9 54269.6 15687.9 11783.4 7820.91 5169.59 5122.4 5430.46
54442.5 54408.2 15694 11719.5 7888.66 5083.18 5088.14 5508.69
56155.2 56122.7 15736.5 11847.9 7786.86 5864.91 5862.21 5528.9
57671.9 57639.4 15987.1 11970.3 8013.87 6202.67 6149.07 5498.16
59334.9 59301.9 16156.8 11939.4 8123.54 6822.93 6785.83 5615.82
59281.8 59250.5 16765.2 12417 8586.56 5746.21 5704.42 5789.52
68272.3 68239.6 17539.7 12979.9 10049.2 8470.29 8401.45 6084.05
72431.8 72399.5 18277.8 13320.1 10750.3 9353.53 9295.18 6279.41
