1 3650.43 3646.91 1185.45 932.677 631.607 149.579 149.901 434.134
2 3607.71 3604.2 1170.38 926.062 617.479 147.215 147.931 432.944
3 2470.88 2468.41 791.574 635.103 414.36 106.027 106.249 301.803
4 1772.9 1770.99 542.582 434.382 286.733 107.1 106.857 205.03
5 1211.92 1210.5 356.256 288.894 186.957 88.548 88.2554 137.246
6 994.161 992.94 283.668 229.42 148.689 83.3323 82.8698 108.879
7 834.634 833.6 232.389 189.219 120.709 76.821 76.4478 89.4389
8 771.708 770.708 214.244 172.98 112.114 72.2942 71.9108 79.9347
9 661.796 660.922 180.266 145.853 94.4678 65.2949 64.9149 68.0986
10 617.117 616.278 168.746 136.463 89.4658 57.5918 57.3418 65.3259
11 566.271 565.518 147.173 120.14 77.2844 63.1759 62.8418 57.3326
12 511.7 511.004 131.281 106.408 70.2443 58.3879 58.0101 50.4047
13 496.13 495.466 123.871 99.689 66.507 61.4578 61.1289 48.0231
14 432.485 431.866 113.033 90.8442 62.1271 44.188 43.9208 43.5075
15 449.74 449.151 104.512 83.7888 65.9365 60.46 60.0509 40.865
16 426.986 426.432 97.0417 76.8488 63.3309 59.9991 59.5815 37.0178
