graphClustering-0 68.8875 4742.57 68.827 
graphClustering-1 33.3016 2279.27 67.9729 
graphClustering-2 19.867 1349.57 67.6574 
graphClustering-3 19.5849 1331.44 67.6951 
graphClustering-4 18.868 1283.52 67.7325 
graphClustering-5 39.24 2688.4 68.1293 
graphClustering-6 67.1147 4607.04 68.6507 
graphClustering-7 66.671 4590.61 68.8495 
graphClustering-8 67.4625 4633.17 68.6684 
graphClustering-9 67.1742 4623.87 68.8261 
graphClustering-10 67.7857 4664.56 68.8138 
graphClustering-11 67.3905 4641.91 68.8686 
graphClustering-12 57.447 3942.02 68.4078 
graphClustering-13 19.4561 1322.51 67.6445 
graphClustering-14 19.9462 1353.09 67.62 
graphClustering-15 19.5353 1330.42 67.7627 
graphClustering-16 19.2935 1309.38 67.5718 
graphClustering-17 19.6082 1330.43 67.6297 
graphClustering-18 19.328 1313.06 67.6574 
graphClustering-19 19.9453 1356.1 67.6447 
graphClustering-20 19.4875 1322.14 67.6224 
graphClustering-21 19.5036 1325.06 67.6178 
graphClustering-22 19.2243 1303.31 67.5859 
graphClustering-23 19.5327 1327.3 67.7298 
graphClustering-24 19.4324 1320.7 67.6899 
graphClustering-25 19.5205 1325.28 67.6875 
graphClustering-26 19.2558 1309.65 67.6996 
graphClustering-27 19.7739 1342.51 67.6427 
graphClustering-28 19.4873 1323.53 67.6429 
graphClustering-29 19.2981 1309.31 67.5587 
graphClustering-30 19.3685 1315.74 67.6636 
graphClustering-31 19.4345 1318.31 67.5992 
graphClustering-32 19.4636 1323.17 67.7074 
graphClustering-33 19.3023 1309.17 67.6817 
graphClustering-34 19.1897 1304.62 67.6747 
graphClustering-35 19.2688 1307.68 67.6274 
graphClustering-36 19.1721 1301.52 67.6847 
graphClustering-37 19.2218 1306.77 67.6355 
graphClustering-38 18.6172 1268.95 67.836 
graphClustering-39 18.5199 1261.36 67.7336 
graphClustering-40 18.4663 1255.73 67.7188 
graphClustering-41 18.4063 1251.35 67.7274 
graphClustering-42 18.4736 1255.67 67.7025 
graphClustering-43 18.546 1262.95 67.7252 
graphClustering-44 18.3744 1249.42 67.7493 
graphClustering-45 18.5394 1260.56 67.8087 
graphClustering-46 18.4969 1257.29 67.6718 
graphClustering-47 18.542 1260.72 67.6856 
graphClustering-48 18.2581 1241.98 67.7189 
graphClustering-49 18.2787 1242.46 67.7197 
graphClustering-50 18.6599 1268.83 67.6838 
graphClustering-51 31.4961 2151.39 68.0013 
graphClustering-52 66.8158 4581.61 68.5726 
graphClustering-53 66.451 4587.05 69.0217 
graphClustering-54 67.0552 4599.3 68.5788 
graphClustering-55 69.1222 4724.02 68.3423 
graphClustering-56 66.3032 4562.26 68.8077 
graphClustering-57 66.0752 4545.92 68.8022 
graphClustering-58 66.7763 4586.48 68.6786 
graphClustering-59 66.4934 4577.57 68.8436 
graphClustering-60 67.4291 4638.19 68.7691 
graphClustering-61 65.2747 4480.44 68.6413 
graphClustering-62 67.233 4620.65 68.7331 
graphClustering-63 67.1359 4574.38 68.142 
graphClustering-64 66.7362 4581.97 68.6636 
graphClustering-65 65.3246 4482.89 68.6328 
graphClustering-66 68.7829 4718.27 68.6014 
graphClustering-67 66.8564 4596.81 68.76 
graphClustering-68 66.1348 4567.04 69.0581 
graphClustering-69 66.567 4588.31 68.9302 
graphClustering-70 66.9576 4615.8 68.9382 
graphClustering-71 67.4797 4657.19 69.0068 
graphClustering-72 66.9048 4597.92 68.724 
graphClustering-73 66.3189 4574.33 68.9683 
graphClustering-74 66.9178 4601.02 68.7649 
graphClustering-75 68.5833 4715.33 68.7333 
graphClustering-76 68.9167 4754.56 68.9674 
graphClustering-77 65.0587 4489.32 69.0046 
graphClustering-78 66.6943 4586.92 68.7729 
graphClustering-79 65.0377 4454.64 68.4922 
graphClustering-80 67.0878 4609.83 68.7006 
graphClustering-81 67.4262 4619.89 68.5207 
graphClustering-82 71.2148 4903.09 68.8239 
graphClustering-83 67.43 4622.46 68.5548 
graphClustering-84 66.5802 4575.62 68.7344 
graphClustering-85 68.3224 4663.24 68.2486 
graphClustering-86 66.6062 4563.5 68.5191 
graphClustering-87 68.425 4709.78 68.7526 
graphClustering-88 66.823 4576.07 68.4828 
graphClustering-89 66.4719 4587.43 69.0071 
graphClustering-90 65.6921 4523.38 68.8541 
graphClustering-91 65.2403 4466.6 68.4707 
graphClustering-92 66.1586 4532.31 68.5093 
graphClustering-93 67.9676 4648.73 68.4019 
graphClustering-94 67.5548 4657.91 68.9555 
graphClustering-95 71.1791 4919.4 69.0886 
graphClustering-96 66.2743 4560.09 68.8022 
graphClustering-97 67.2967 4645.62 69.0258 
graphClustering-98 64.9434 4461.37 68.6999 
graphClustering-99 68.1477 4707.1 69.0631 
graphClustering-100 67.0241 4623.08 68.9737 
graphClustering-101 70.6591 4871.5 68.9289 
graphClustering-102 65.7867 4518.02 68.6824 
graphClustering-103 66.1378 4537.95 68.6138 
graphClustering-104 66.2001 4550.45 68.7417 
graphClustering-105 66.0167 4538.48 68.7458 
graphClustering-106 67.9009 4662.48 68.6695 
graphClustering-107 68.9461 4732.34 68.6527 
graphClustering-108 68.2032 4702.74 68.9632 
graphClustering-109 71.366 4927.28 69.0558 
graphClustering-110 67.2983 4631.82 68.8216 
graphClustering-111 70.2189 4887.51 69.5253 
graphClustering-112 67.2818 4638.33 68.9409 
graphClustering-113 69.9029 4787.62 68.4835 
graphClustering-114 65.4488 4510.95 68.9216 
graphClustering-115 67.1091 4619.39 68.8167 
graphClustering-116 65.6984 4527.51 68.9202 
graphClustering-117 67.6797 4649.49 68.6945 
graphClustering-118 68.4421 4721.59 68.9806 
graphClustering-119 66.1944 4540.63 68.5937 
graphClustering-120 66.7853 4593.43 68.7624 
graphClustering-121 66.6847 4559.85 68.3868 
graphClustering-122 66.9578 4592.51 68.5745 
graphClustering-123 69.1452 4749.05 68.6992 
graphClustering-124 66.3203 4558.54 68.7433 
graphClustering-125 66.303 4551.88 68.659 
graphClustering-126 67.9074 4693.45 69.1081 
graphClustering-127 66.686 4577.77 68.6548 
graphClustering-128 14.7683 992.207 67.1889 
graphClustering-129 14.9238 1000.48 67.0443 
graphClustering-130 14.988 1011.44 67.4849 
graphClustering-131 14.1999 955.428 67.286 
graphClustering-132 14.3229 966.92 67.5083 
graphClustering-133 14.8353 1003.2 67.6073 
graphClustering-134 14.7604 992.468 67.2412 
graphClustering-135 14.6363 994.012 67.9085 
graphClustering-136 14.7365 993.457 67.43 
graphClustering-137 14.6832 991.263 67.5049 
graphClustering-138 14.2559 965.413 67.7252 
graphClustering-139 14.755 995.091 67.4301 
graphClustering-140 14.4994 982.775 67.7807 
graphClustering-141 15.28 1024.08 67.0416 
graphClustering-142 14.6662 990.666 67.5898 
graphClustering-143 14.9545 1005.33 67.233 
graphClustering-144 14.2959 971.127 67.931 
graphClustering-145 14.7517 995.888 67.5451 
graphClustering-146 14.6081 988.873 67.6821 
graphClustering-147 14.9552 1017.55 68.0425 
graphClustering-148 14.8133 995.245 67.1779 
graphClustering-149 14.8713 1000.89 67.3144 
graphClustering-150 14.6886 991.658 67.5263 
graphClustering-151 14.3655 970.809 67.5889 
graphClustering-152 14.437 975.696 67.5758 
graphClustering-153 14.7587 999.805 67.7445 
graphClustering-154 14.7903 995.445 67.3183 
graphClustering-155 15.2644 1030.2 67.4808 
graphClustering-156 15.3381 1041.09 67.8213 
graphClustering-157 14.0211 952.79 67.9538 
graphClustering-158 14.5446 985.521 67.7638 
graphClustering-159 14.9543 1009.08 67.4786 
graphClustering-160 15.2293 1021.12 67.1018 
graphClustering-161 14.5869 986.835 67.6651 
graphClustering-162 14.3039 964.236 67.4101 
graphClustering-163 14.5567 980.613 67.3697 
graphClustering-164 14.0503 950.513 67.6523 
graphClustering-165 14.3041 963.707 67.389 
graphClustering-166 14.8036 997.201 67.3721 
graphClustering-167 14.9435 1007.15 67.4068 
graphClustering-168 15.5357 1045.55 67.3166 
graphClustering-169 14.3054 969.322 67.7568 
graphClustering-170 15.6366 1053.6 67.3933 
graphClustering-171 14.6104 985.413 67.4727 
graphClustering-172 14.5882 983.729 67.4413 
graphClustering-173 14.4252 975.058 67.6265 
graphClustering-174 14.6086 987.689 67.6074 
graphClustering-175 14.5058 982.838 67.746 
graphClustering-176 14.6866 988.106 67.313 
graphClustering-177 14.517 978.921 67.4408 
graphClustering-178 14.8089 1005.73 67.9185 
graphClustering-179 14.3216 965.79 67.4414 
graphClustering-180 14.5301 982.756 67.6452 
graphClustering-181 14.6973 991.578 67.4761 
graphClustering-182 14.371 973.109 67.7096 
graphClustering-183 14.2237 960.627 67.5417 
graphClustering-184 16.0044 1083.82 67.6882 
graphClustering-185 14.3058 967.646 67.6403 
graphClustering-186 14.2259 963.877 67.7575 
graphClustering-187 14.9099 1000.34 67.1167 
graphClustering-188 14.7215 990.778 67.3094 
graphClustering-189 14.3338 968.079 67.5437 
graphClustering-190 14.8158 1004.32 67.7896 
graphClustering-191 14.6157 984.564 67.3706 
graphClustering-192 15.0895 1024 67.8295 
graphClustering-193 15.1637 1021.05 67.3287 
graphClustering-194 15.59 1055.31 67.634 
graphClustering-195 14.4659 974.937 67.3949 
graphClustering-196 15.0717 1017.91 67.5116 
graphClustering-197 15.2756 1025.04 67.1068 
graphClustering-198 14.8936 1000.64 67.1718 
graphClustering-199 14.9254 1014.4 67.9792 
graphClustering-200 14.572 983.414 67.5079 
graphClustering-201 14.6203 987.696 67.5567 
graphClustering-202 14.4724 978.755 67.6283 
graphClustering-203 14.0968 953.184 67.6198 
graphClustering-204 14.6808 993.981 67.7078 
graphClustering-205 15.4704 1036.85 67.0544 
graphClustering-206 14.8126 999.191 67.4582 
graphClustering-207 14.8152 1005.64 67.8755 
graphClustering-208 14.1242 955.833 67.6923 
graphClustering-209 14.8689 998.563 67.1716 
graphClustering-210 15.2749 1028.16 67.3498 
graphClustering-211 14.2596 959.055 67.2981 
graphClustering-212 14.9346 1006.11 67.3583 
graphClustering-213 14.7317 995.203 67.5542 
graphClustering-214 14.2489 966.51 67.8352 
graphClustering-215 14.1488 957.293 67.6647 
graphClustering-216 14.6379 984.508 67.3018 
graphClustering-217 14.9735 1010.71 67.5044 
graphClustering-218 14.6985 994.321 67.6676 
graphClustering-219 14.5679 980.76 67.3194 
graphClustering-220 14.3006 963.337 67.3684 
graphClustering-221 14.4912 975.389 67.3144 
graphClustering-222 14.1914 960.704 67.7123 
graphClustering-223 14.7695 999.318 67.6933 
graphClustering-224 14.5764 978.98 67.179 
graphClustering-225 14.1515 956.391 67.5888 
graphClustering-226 15.1091 1020.38 67.5516 
graphClustering-227 14.7475 993.416 67.3536 
graphClustering-228 13.9792 946.043 67.6773 
graphClustering-229 14.5231 981.2 67.5524 
graphClustering-230 14.523 984.629 67.8022 
graphClustering-231 15.5396 1054 67.7801 
graphClustering-232 14.7136 999.768 67.9406 
graphClustering-233 14.3426 973.357 67.8609 
graphClustering-234 14.4035 972.557 67.5279 
graphClustering-235 14.6152 986.71 67.5251 
graphClustering-236 14.9327 1016.31 68.0659 
graphClustering-237 14.8811 1000.36 67.2455 
graphClustering-238 15.2502 1023.66 67.1508 
graphClustering-239 14.4422 974.538 67.48 
graphClustering-240 14.5234 982.996 67.6899 
graphClustering-241 14.6526 990.367 67.589 
graphClustering-242 14.6284 987.915 67.5322 
graphClustering-243 14.4932 977.815 67.4674 
graphClustering-244 14.7909 997.195 67.419 
graphClustering-245 14.67 991.111 67.5741 
graphClustering-246 14.225 966.422 67.9363 
graphClustering-247 14.5329 974.124 67.0383 
graphClustering-248 14.5908 986.232 67.6036 
graphClustering-249 14.0091 951.859 67.953 
graphClustering-250 15.6124 1067.39 68.3324 
graphClustering-251 14.7781 991.671 67.1199 
graphClustering-252 14.678 993.305 67.6655 
graphClustering-253 14.7666 996.539 67.4889 
graphClustering-254 15.0107 1021.1 68.0322 
graphClustering-255 14.7887 996.584 67.3779 
graphClustering-256 14.7954 1000.18 67.6105 
graphClustering-257 14.7088 993.872 67.5812 
graphClustering-258 14.2328 955.375 67.1412 
graphClustering-259 14.1636 958.298 67.6734 
graphClustering-260 14.5669 981.11 67.4292 
graphClustering-261 14.0948 954.039 67.6946 
graphClustering-262 15.0013 1017.93 67.8466 
graphClustering-263 14.8115 994.997 67.1808 
graphClustering-264 14.2733 961.464 67.376 
graphClustering-265 13.8482 939.921 67.8741 
graphClustering-266 14.3598 968.254 67.4314 
graphClustering-267 14.5789 981.702 67.396 
graphClustering-268 14.4843 981.382 67.7585 
graphClustering-269 14.1294 957.197 67.7468 
graphClustering-270 17.1949 1170.82 67.8502 
graphClustering-271 14.6211 984.592 67.3476 
graphClustering-272 15.4062 1037.11 67.2935 
graphClustering-273 14.7749 990.393 67.0365 
graphClustering-274 14.3162 969.662 67.7281 
graphClustering-275 14.4167 972.752 67.4853 
graphClustering-276 14.5676 982.782 67.4647 
graphClustering-277 16.2656 1112.47 68.1956 
graphClustering-278 14.54 984.852 67.7548 
graphClustering-279 14.5502 980.145 67.3778 
graphClustering-280 14.6495 986.05 67.331 
graphClustering-281 14.2616 964.849 67.6574 
graphClustering-282 15.0092 1020.82 67.9986 
graphClustering-283 14.491 979.066 67.5695 
graphClustering-284 14.5666 987.491 67.7907 
graphClustering-285 14.7485 992.13 67.2936 
graphClustering-286 14.9335 1010.02 67.6477 
graphClustering-287 14.9129 1007.71 67.5539 
graphClustering-288 15.2755 1024.78 67.1224 
graphClustering-289 14.2116 956.697 67.3174 
graphClustering-290 14.3684 966.855 67.291 
graphClustering-291 14.9382 1002.87 67.1508 
graphClustering-292 14.6816 984.883 67.0857 
graphClustering-293 14.4679 981.521 67.8375 
graphClustering-294 14.3418 969.053 67.5856 
graphClustering-295 14.3964 973.386 67.6151 
graphClustering-296 14.9068 1001.36 67.2078 
graphClustering-297 13.9293 946.593 67.9696 
graphClustering-298 14.7206 991.047 67.351 
graphClustering-299 14.2897 961.653 67.3031 
graphClustering-300 14.3417 969.358 67.5836 
graphClustering-301 14.1838 958.442 67.582 
graphClustering-302 14.3843 968.173 67.3107 
graphClustering-303 14.4374 977.666 67.7241 
graphClustering-304 14.9424 1009.28 67.5425 
graphClustering-305 14.4353 977.401 67.715 
graphClustering-306 14.7416 996.351 67.5886 
graphClustering-307 15.41 1039.84 67.4766 
graphClustering-308 14.848 1005.41 67.7147 
graphClustering-309 14.2858 961.309 67.2902 
graphClustering-310 14.4988 973.842 67.1672 
graphClustering-311 14.3134 966.676 67.5498 
graphClustering-312 14.5519 982.986 67.5483 
graphClustering-313 14.263 960.248 67.333 
graphClustering-314 14.4756 981.257 67.7931 
graphClustering-315 14.4728 980.117 67.7213 
graphClustering-316 14.4467 972.19 67.2955 
graphClustering-317 14.488 978.764 67.5417 
graphClustering-318 14.8328 1000.85 67.4796 
graphClustering-319 14.8418 1004.03 67.6313 
graphClustering-320 14.3663 972.358 67.692 
graphClustering-321 14.6655 987.06 67.3166 
graphClustering-322 14.6905 991.506 67.5009 
graphClustering-323 14.8597 1003.71 67.5534 
graphClustering-324 14.9486 1011.38 67.6699 
graphClustering-325 13.8871 942.576 67.8717 
graphClustering-326 14.2357 959.467 67.4185 
graphClustering-327 14.6467 985.108 67.2681 
graphClustering-328 14.7565 998.443 67.6457 
graphClustering-329 13.782 937.898 68.0494 
graphClustering-330 14.045 951.369 67.7371 
graphClustering-331 14.1905 956.731 67.4328 
graphClustering-332 14.6326 989.913 67.6516 
graphClustering-333 14.4055 976.354 67.783 
graphClustering-334 14.4539 983.565 68.0221 
graphClustering-335 14.344 970.691 67.6774 
graphClustering-336 14.6705 988.769 67.4021 
graphClustering-337 14.6109 983.883 67.3526 
graphClustering-338 15.5292 1049.94 67.5963 
graphClustering-339 14.8265 1001.33 67.5621 
graphClustering-340 14.5471 985.596 67.7604 
graphClustering-341 14.4853 977.318 67.4747 
graphClustering-342 14.5021 976.173 67.3094 
graphClustering-343 14.3124 969.19 67.7188 
graphClustering-344 13.8634 937.937 67.6563 
graphClustering-345 14.9735 1004.91 67.1452 
graphClustering-346 14.4605 978.785 67.6926 
graphClustering-347 14.5194 977.127 67.3139 
graphClustering-348 14.5099 982.888 67.7333 
graphClustering-349 14.3108 968.199 67.6646 
graphClustering-350 14.4386 973.309 67.415 
graphClustering-351 14.6269 985.028 67.3434 
graphClustering-352 14.1983 961.395 67.7103 
graphClustering-353 14.3492 961.528 67.0241 
graphClustering-354 14.7745 999.504 67.6449 
graphClustering-355 14.3706 974.891 67.8446 
graphClustering-356 14.4347 974.854 67.5426 
graphClustering-357 14.3288 970.082 67.7083 
graphClustering-358 15.324 1033.19 67.4343 
graphClustering-359 14.0742 951.868 67.6291 
graphClustering-360 14.3351 963.09 67.1988 
graphClustering-361 14.3094 966.325 67.548 
graphClustering-362 14.5588 986.266 67.752 
graphClustering-363 14.2659 962.127 67.4487 
graphClustering-364 14.2352 963.979 67.7197 
graphClustering-365 14.0719 951.671 67.6185 
graphClustering-366 15.1399 1028.04 67.9056 
graphClustering-367 14.2426 965.541 67.7964 
graphClustering-368 14.4874 977.704 67.4882 
graphClustering-369 14.6152 987.031 67.5441 
graphClustering-370 14.5713 977.854 67.113 
graphClustering-371 13.758 934.319 67.9126 
graphClustering-372 14.5221 979.119 67.4321 
graphClustering-373 14.7665 996.399 67.4674 
graphClustering-374 14.3277 970.107 67.712 
graphClustering-375 15.2063 1024.56 67.4134 
graphClustering-376 14.5062 982.047 67.7057 
graphClustering-377 14.9664 1001.42 66.9352 
graphClustering-378 14.615 991.481 67.8462 
graphClustering-379 14.5675 980.947 67.3387 
graphClustering-380 14.6168 989.235 67.6843 
graphClustering-381 14.2134 966.665 68.0143 
graphClustering-382 14.3974 978.04 67.9426 
graphClustering-383 14.7447 995.815 67.5424 
graphClustering-384 13.2591 901.591 68.0128 
graphClustering-385 13.2536 894.006 67.4644 
graphClustering-386 13.5397 916.058 67.6659 
graphClustering-387 13.0298 881.892 67.6837 
graphClustering-388 13.9333 938.753 67.3996 
graphClustering-389 13.4514 910.448 67.6939 
graphClustering-390 13.5738 918.015 67.6279 
graphClustering-391 13.9467 937.92 67.2401 
graphClustering-392 14.021 942.507 67.2473 
graphClustering-393 12.8467 872.482 67.9138 
graphClustering-394 13.1667 893.783 67.8881 
graphClustering-395 13.3729 903.942 67.5918 
graphClustering-396 13.9558 943.331 67.5855 
graphClustering-397 13.3927 907.886 67.7989 
graphClustering-398 13.9097 939.512 67.5536 
graphClustering-399 13.8088 931.534 67.4615 
graphClustering-400 13.202 889.941 67.4102 
graphClustering-401 14.0434 951.2 67.7708 
graphClustering-402 14.0394 952.963 67.8563 
graphClustering-403 13.3808 908.705 67.9254 
graphClustering-404 13.4374 911.423 67.8267 
graphClustering-405 13.3282 901.523 67.6439 
graphClustering-406 13.5287 912.017 67.408 
graphClustering-407 13.2149 893.598 67.6222 
graphClustering-408 13.4775 909.489 67.4745 
graphClustering-409 13.5922 912.34 67.1768 
graphClustering-410 13.5894 913.694 67.2458 
graphClustering-411 13.3703 902.944 67.5425 
graphClustering-412 13.3375 904.194 67.796 
graphClustering-413 13.6228 921.244 67.6265 
graphClustering-414 13.0347 883.179 67.7651 
graphClustering-415 13.2593 897.512 67.6878 
graphClustering-416 13.325 903.669 67.8293 
graphClustering-417 13.4271 909.272 67.7201 
graphClustering-418 13.3205 902.661 67.7715 
graphClustering-419 13.2021 889.229 67.3491 
graphClustering-420 13.1911 890.713 67.5215 
graphClustering-421 14.3408 972.95 67.7841 
graphClustering-422 13.4889 905.374 67.1199 
graphClustering-423 13.3337 903.06 67.7229 
graphClustering-424 13.2324 893.333 67.5347 
graphClustering-425 13.8877 932.41 67.1647 
graphClustering-426 13.649 925.55 67.795 
graphClustering-427 14.1739 966.539 68.1577 
graphClustering-428 13.7193 927.275 67.5921 
graphClustering-429 13.3391 902.107 67.6261 
graphClustering-430 13.3785 906.989 67.8001 
graphClustering-431 13.41 909.993 67.8641 
graphClustering-432 13.803 933.57 67.6835 
graphClustering-433 13.4058 907.088 67.6621 
graphClustering-434 13.1587 892.341 67.8086 
graphClustering-435 13.462 910.841 67.6671 
graphClustering-436 13.8299 932.036 67.3851 
graphClustering-437 13.499 909.694 67.3902 
graphClustering-438 14.3711 964.104 67.0915 
graphClustering-439 13.5139 912.135 67.5017 
graphClustering-440 13.3695 907.247 67.8621 
graphClustering-441 13.727 924.122 67.3198 
graphClustering-442 14.2752 970.997 68.0303 
graphClustering-443 13.6427 921.729 67.5656 
graphClustering-444 13.7874 926.235 67.178 
graphClustering-445 14.0175 944.632 67.4095 
graphClustering-446 13.3357 905.621 67.9253 
graphClustering-447 13.0996 884.326 67.5137 
graphClustering-448 13.6318 926.271 67.9546 
graphClustering-449 13.1295 889.642 67.7614 
graphClustering-450 14.1238 952.221 67.4278 
graphClustering-451 13.7526 939.328 68.3154 
graphClustering-452 13.4648 910.055 67.5943 
graphClustering-453 13.0456 885.26 67.8593 
graphClustering-454 13.5398 913.261 67.4593 
graphClustering-455 13.4823 913.607 67.7752 
graphClustering-456 13.8015 928.92 67.3215 
graphClustering-457 13.526 914.741 67.6373 
graphClustering-458 13.0827 890.052 68.0303 
graphClustering-459 13.3804 909.039 67.9543 
graphClustering-460 13.36 903.037 67.5924 
graphClustering-461 13.1847 897.818 68.1 
graphClustering-462 13.5753 918.203 67.6414 
graphClustering-463 13.5154 911.655 67.4551 
graphClustering-464 13.0559 881.097 67.488 
graphClustering-465 13.3314 893.295 67.0223 
graphClustering-466 13.4708 908.062 67.4252 
graphClustering-467 13.5689 917.573 67.6315 
graphClustering-468 13.3423 897.987 67.3117 
graphClustering-469 14.145 961.24 67.9462 
graphClustering-470 14.1897 956.118 67.3797 
graphClustering-471 13.4646 908.781 67.5024 
graphClustering-472 13.64 921.41 67.5689 
graphClustering-473 13.5357 915.759 67.6609 
graphClustering-474 13.4019 909.588 67.878 
graphClustering-475 13.3861 905.511 67.6677 
graphClustering-476 13.9966 940.727 67.2356 
graphClustering-477 13.4136 905.701 67.5209 
graphClustering-478 13.2434 894.378 67.5323 
graphClustering-479 13.5695 918.685 67.7122 
graphClustering-480 13.4 910.947 67.9818 
graphClustering-481 13.6581 924.801 67.7114 
graphClustering-482 13.4267 906.237 67.5078 
graphClustering-483 13.5169 914.826 67.673 
graphClustering-484 13.1887 891.985 67.6306 
graphClustering-485 13.4413 908.757 67.6025 
graphClustering-486 13.7843 929.216 67.4136 
graphClustering-487 13.8537 938.059 67.7083 
graphClustering-488 14.0468 948.904 67.5675 
graphClustering-489 13.9957 940.164 67.1807 
graphClustering-490 13.5507 917.081 67.6923 
graphClustering-491 13.5847 916.042 67.4442 
graphClustering-492 13.4867 908.515 67.368 
graphClustering-493 13.503 909.377 67.3558 
graphClustering-494 13.6939 927.993 67.7681 
graphClustering-495 13.6437 920.429 67.4685 
graphClustering-496 12.861 872.908 67.8702 
graphClustering-497 13.7375 929.512 67.6801 
graphClustering-498 13.229 897.118 67.8156 
graphClustering-499 12.9817 879.416 67.7589 
graphClustering-500 13.6052 916.244 67.3549 
graphClustering-501 13.3482 905.405 67.8443 
graphClustering-502 13.178 887.079 67.3169 
graphClustering-503 14.3002 959.783 67.1087 
graphClustering-504 13.5851 922.123 67.878 
graphClustering-505 12.8576 873.139 67.9099 
graphClustering-506 13.5883 913.385 67.2493 
graphClustering-507 14.0289 949.195 67.6747 
graphClustering-508 13.3412 904.604 67.8024 
graphClustering-509 13.9154 939.306 67.5245 
graphClustering-510 13.3284 904.895 67.8888 
graphClustering-511 13.1314 887.24 67.5622 
