graphClustering-106 55.9527 5328.6 95.1772  graphClustering-106 67.9009 4662.48 68.6695 
graphClustering-87 54.3375 5308.95 97.6969  graphClustering-87 68.425 4709.78 68.7526 
graphClustering-96 53.4147 5237.31 98.0373  graphClustering-96 66.2743 4560.09 68.8022 
graphClustering-91 53.3871 5096.27 95.6398  graphClustering-91 65.2403 4466.6 68.4707 
graphClustering-110 53.1808 5043.42 94.8967  graphClustering-110 67.2983 4631.82 68.8216 
graphClustering-127 53.1611 5182.26 97.4233  graphClustering-127 66.686 4577.77 68.6548 
graphClustering-83 52.7709 5027.76 95.3884  graphClustering-83 67.43 4622.46 68.5548 
graphClustering-100 52.7153 5124.51 97.1823  graphClustering-100 67.0241 4623.08 68.9737 
graphClustering-89 52.4261 5148.49 98.1386  graphClustering-89 66.4719 4587.43 69.0071 
graphClustering-111 52.3151 4974.87 95.1397  graphClustering-111 70.2189 4887.51 69.5253 
graphClustering-78 52.2312 4956.08 94.9092  graphClustering-78 66.6943 4586.92 68.7729 
graphClustering-112 52.1925 4985.45 95.5503  graphClustering-112 67.2818 4638.33 68.9409 
graphClustering-98 52.0823 4983.22 95.6654  graphClustering-98 64.9434 4461.37 68.6999 
graphClustering-88 51.9876 4954.98 95.4435  graphClustering-88 66.823 4576.07 68.4828 
graphClustering-80 51.8989 4892.27 94.2871  graphClustering-80 67.0878 4609.83 68.7006 
graphClustering-57 51.8861 4959.57 95.6179  graphClustering-57 66.0752 4545.92 68.8022 
graphClustering-64 51.8477 4972.23 95.9075  graphClustering-64 66.7362 4581.97 68.6636 
graphClustering-94 51.816 4968.09 95.8695  graphClustering-94 67.5548 4657.91 68.9555 
graphClustering-126 51.8042 4997.49 96.4714  graphClustering-126 67.9074 4693.45 69.1081 
graphClustering-0 51.6169 4949.29 95.8915  graphClustering-0 68.8875 4742.57 68.827 
graphClustering-10 51.5 4974.35 96.5849  graphClustering-10 67.7857 4664.56 68.8138 
graphClustering-109 51.496 4991.24 96.854  graphClustering-109 71.366 4927.28 69.0558 
graphClustering-116 51.4817 4996.85 96.9813  graphClustering-116 65.6984 4527.51 68.9202 
graphClustering-8 51.4622 4948 96.1738  graphClustering-8 67.4625 4633.17 68.6684 
graphClustering-107 51.4595 4970.85 96.6109  graphClustering-107 68.9461 4732.34 68.6527 
graphClustering-125 51.4491 4923.77 95.7006  graphClustering-125 66.303 4551.88 68.659 
graphClustering-79 51.4122 5063.3 98.3614  graphClustering-79 65.0377 4454.64 68.4922 
graphClustering-121 51.3998 4928.99 95.9082  graphClustering-121 66.6847 4559.85 68.3868 
graphClustering-9 51.3687 4947.44 96.3286  graphClustering-9 67.1742 4623.87 68.8261 
graphClustering-97 51.3481 4910.1 95.6784  graphClustering-97 67.2967 4645.62 69.0258 
graphClustering-11 51.3124 4933.73 96.1818  graphClustering-11 67.3905 4641.91 68.8686 
graphClustering-76 51.2816 4918.79 95.9243  graphClustering-76 68.9167 4754.56 68.9674 
graphClustering-61 51.2751 5014.95 97.751  graphClustering-61 65.2747 4480.44 68.6413 
graphClustering-113 51.2456 4884.17 95.402  graphClustering-113 69.9029 4787.62 68.4835 
graphClustering-55 51.2297 4912.81 95.8825  graphClustering-55 69.1222 4724.02 68.3423 
graphClustering-73 51.2279 4956.61 96.7416  graphClustering-73 66.3189 4574.33 68.9683 
graphClustering-84 51.1173 4900.76 95.8778  graphClustering-84 66.5802 4575.62 68.7344 
graphClustering-101 51.0839 4967.08 97.2027  graphClustering-101 70.6591 4871.5 68.9289 
graphClustering-65 51.0684 4947.13 96.8258  graphClustering-65 65.3246 4482.89 68.6328 
graphClustering-123 51.052 4850.33 95.0276  graphClustering-123 69.1452 4749.05 68.6992 
graphClustering-71 51.0353 4910.43 96.3036  graphClustering-71 67.4797 4657.19 69.0068 
graphClustering-66 51.0321 4927.18 96.5609  graphClustering-66 68.7829 4718.27 68.6014 
graphClustering-86 50.9981 4871.59 95.623  graphClustering-86 66.6062 4563.5 68.5191 
graphClustering-7 50.872 4886.21 96.0676  graphClustering-7 66.671 4590.61 68.8495 
graphClustering-105 50.7868 4849.4 95.5702  graphClustering-105 66.0167 4538.48 68.7458 
graphClustering-52 50.7633 4975.07 97.8117  graphClustering-52 66.8158 4581.61 68.5726 
graphClustering-62 50.7591 4922.37 96.9165  graphClustering-62 67.233 4620.65 68.7331 
graphClustering-99 50.7557 4883.34 96.2182  graphClustering-99 68.1477 4707.1 69.0631 
graphClustering-114 50.7481 4882.46 96.2178  graphClustering-114 65.4488 4510.95 68.9216 
graphClustering-115 50.7307 4933.86 97.2681  graphClustering-115 67.1091 4619.39 68.8167 
graphClustering-103 50.7256 4966.97 97.8938  graphClustering-103 66.1378 4537.95 68.6138 
graphClustering-70 50.7189 4848.14 95.6559  graphClustering-70 66.9576 4615.8 68.9382 
graphClustering-72 50.7055 4848.12 95.6603  graphClustering-72 66.9048 4597.92 68.724 
graphClustering-120 50.6942 4963.92 97.8759  graphClustering-120 66.7853 4593.43 68.7624 
graphClustering-108 50.6704 4870.33 96.1271  graphClustering-108 68.2032 4702.74 68.9632 
graphClustering-85 50.5675 4832.34 95.6306  graphClustering-85 68.3224 4663.24 68.2486 
graphClustering-6 50.5484 4879.88 96.528  graphClustering-6 67.1147 4607.04 68.6507 
graphClustering-54 50.5369 4914.84 97.1933  graphClustering-54 67.0552 4599.3 68.5788 
graphClustering-95 50.4824 4830.53 95.6885  graphClustering-95 71.1791 4919.4 69.0886 
graphClustering-104 50.4539 4878.82 96.6812  graphClustering-104 66.2001 4550.45 68.7417 
graphClustering-82 50.3329 4881.98 96.9328  graphClustering-82 71.2148 4903.09 68.8239 
graphClustering-74 50.2478 4813.4 95.855  graphClustering-74 66.9178 4601.02 68.7649 
graphClustering-122 50.209 4838.7 96.3874  graphClustering-122 66.9578 4592.51 68.5745 
graphClustering-59 50.1683 4839.34 96.4639  graphClustering-59 66.4934 4577.57 68.8436 
graphClustering-67 50.1617 4818.67 96.0726  graphClustering-67 66.8564 4596.81 68.76 
graphClustering-118 50.1458 4808.35 95.876  graphClustering-118 68.4421 4721.59 68.9806 
graphClustering-75 50.132 4811.43 96.0011  graphClustering-75 68.5833 4715.33 68.7333 
graphClustering-69 50.0807 4803.26 95.9226  graphClustering-69 66.567 4588.31 68.9302 
graphClustering-77 50.0753 4790.38 95.6852  graphClustering-77 65.0587 4489.32 69.0046 
graphClustering-60 50.0489 4830.83 96.501  graphClustering-60 67.4291 4638.19 68.7691 
graphClustering-124 50.0325 4786.3 95.6762  graphClustering-124 66.3203 4558.54 68.7433 
graphClustering-92 50.0292 4803.98 96.021  graphClustering-92 66.1586 4532.31 68.5093 
graphClustering-93 50.0015 4830.33 96.6186  graphClustering-93 67.9676 4648.73 68.4019 
graphClustering-102 49.9152 4785.11 95.8806  graphClustering-102 65.7867 4518.02 68.6824 
graphClustering-117 49.8947 4831.35 96.8383  graphClustering-117 67.6797 4649.49 68.6945 
graphClustering-90 49.8648 4851.7 97.2704  graphClustering-90 65.6921 4523.38 68.8541 
graphClustering-56 49.7568 4776.45 95.9971  graphClustering-56 66.3032 4562.26 68.8077 
graphClustering-63 49.7391 4782.93 96.1848  graphClustering-63 67.1359 4574.38 68.142 
graphClustering-68 49.4914 4760.71 96.2125  graphClustering-68 66.1348 4567.04 69.0581 
graphClustering-53 49.4417 4739.49 95.8598  graphClustering-53 66.451 4587.05 69.0217 
graphClustering-58 49.3887 4802.6 97.2259  graphClustering-58 66.7763 4586.48 68.6786 
graphClustering-119 48.9713 4735.51 96.7057  graphClustering-119 66.1944 4540.63 68.5937 
graphClustering-81 48.9391 4706.34 96.1718  graphClustering-81 67.4262 4619.89 68.5207 
graphClustering-12 44.0292 4227.01 95.4315  graphClustering-12 57.447 3942.02 68.4078 
graphClustering-5 29.5773 2839.28 94.7707  graphClustering-5 39.24 2688.4 68.1293 
graphClustering-1 25.3736 2417.14 93.8861  graphClustering-1 33.3016 2279.27 67.9729 
graphClustering-51 24.3489 2324.84 94.0439  graphClustering-51 31.4961 2151.39 68.0013 
graphClustering-22 15.369 1428.53 92.5569  graphClustering-22 19.2243 1303.31 67.5859 
graphClustering-2 15.3338 1436.87 92.9619  graphClustering-2 19.867 1349.57 67.6574 
graphClustering-3 15.0892 1420.24 93.2794  graphClustering-3 19.5849 1331.44 67.6951 
graphClustering-24 15.0787 1405.42 92.7302  graphClustering-24 19.4324 1320.7 67.6899 
graphClustering-20 15.0559 1404.35 92.6875  graphClustering-20 19.4875 1322.14 67.6224 
graphClustering-23 15.0138 1408.35 92.9216  graphClustering-23 19.5327 1327.3 67.7298 
graphClustering-25 15.0134 1409.78 92.9392  graphClustering-25 19.5205 1325.28 67.6875 
graphClustering-21 14.9982 1397.43 92.5418  graphClustering-21 19.5036 1325.06 67.6178 
graphClustering-17 14.9974 1411.01 93.0071  graphClustering-17 19.6082 1330.43 67.6297 
graphClustering-16 14.9908 1409.63 93.0795  graphClustering-16 19.2935 1309.38 67.5718 
graphClustering-34 14.9898 1415.07 93.387  graphClustering-34 19.1897 1304.62 67.6747 
graphClustering-13 14.9804 1399.44 92.7261  graphClustering-13 19.4561 1322.51 67.6445 
graphClustering-29 14.978 1402.12 92.9786  graphClustering-29 19.2981 1309.31 67.5587 
graphClustering-19 14.973 1409.71 93.1507  graphClustering-19 19.9453 1356.1 67.6447 
graphClustering-31 14.9714 1410.47 93.3728  graphClustering-31 19.4345 1318.31 67.5992 
graphClustering-33 14.9524 1402.05 92.9621  graphClustering-33 19.3023 1309.17 67.6817 
graphClustering-15 14.9385 1402.79 93.0303  graphClustering-15 19.5353 1330.42 67.7627 
graphClustering-37 14.9191 1402.44 93.0521  graphClustering-37 19.2218 1306.77 67.6355 
graphClustering-26 14.9007 1397.95 93.0243  graphClustering-26 19.2558 1309.65 67.6996 
graphClustering-32 14.8894 1393.94 92.9934  graphClustering-32 19.4636 1323.17 67.7074 
graphClustering-28 14.8649 1397.33 93.3185  graphClustering-28 19.4873 1323.53 67.6429 
graphClustering-14 14.8584 1389.64 92.6685  graphClustering-14 19.9462 1353.09 67.62 
graphClustering-18 14.8441 1387.21 92.7453  graphClustering-18 19.328 1313.06 67.6574 
graphClustering-35 14.8387 1398.32 93.361  graphClustering-35 19.2688 1307.68 67.6274 
graphClustering-36 14.8187 1390.12 93.1683  graphClustering-36 19.1721 1301.52 67.6847 
graphClustering-27 14.8082 1394.79 93.5204  graphClustering-27 19.7739 1342.51 67.6427 
graphClustering-30 14.7424 1390.1 93.4601  graphClustering-30 19.3685 1315.74 67.6636 
graphClustering-4 14.4744 1359.62 93.3104  graphClustering-4 18.868 1283.52 67.7325 
graphClustering-38 14.3272 1350.9 93.4452  graphClustering-38 18.6172 1268.95 67.836 
graphClustering-44 14.2835 1346.86 93.3442  graphClustering-44 18.3744 1249.42 67.7493 
graphClustering-45 14.2753 1337.15 93.2124  graphClustering-45 18.5394 1260.56 67.8087 
graphClustering-41 14.2278 1329.49 92.9281  graphClustering-41 18.4063 1251.35 67.7274 
graphClustering-43 14.2007 1332.11 93.3618  graphClustering-43 18.546 1262.95 67.7252 
graphClustering-48 14.1982 1331.13 93.3601  graphClustering-48 18.2581 1241.98 67.7189 
graphClustering-46 14.1602 1325.1 93.1132  graphClustering-46 18.4969 1257.29 67.6718 
graphClustering-49 14.1448 1327.43 93.2763  graphClustering-49 18.2787 1242.46 67.7197 
graphClustering-39 14.0777 1330.13 93.4602  graphClustering-39 18.5199 1261.36 67.7336 
graphClustering-42 14.0734 1324.15 93.3878  graphClustering-42 18.4736 1255.67 67.7025 
graphClustering-40 14.0566 1322.04 93.5056  graphClustering-40 18.4663 1255.73 67.7188 
graphClustering-50 14.0454 1327.43 93.5051  graphClustering-50 18.6599 1268.83 67.6838 
graphClustering-47 13.9564 1312.62 93.3417  graphClustering-47 18.542 1260.72 67.6856 
graphClustering-154 12.8628 1169.77 91.1278  graphClustering-154 14.7903 995.445 67.3183 
graphClustering-200 12.5158 1131.22 90.5645  graphClustering-200 14.572 983.414 67.5079 
graphClustering-319 12.3756 1139.15 92.0319  graphClustering-319 14.8418 1004.03 67.6313 
graphClustering-237 12.2488 1111.08 90.878  graphClustering-237 14.8811 1000.36 67.2455 
graphClustering-281 12.2257 1121.42 92.0003  graphClustering-281 14.2616 964.849 67.6574 
graphClustering-345 12.1903 1110.26 91.3118  graphClustering-345 14.9735 1004.91 67.1452 
graphClustering-229 12.1418 1097.95 90.4406  graphClustering-229 14.5231 981.2 67.5524 
graphClustering-224 12.0415 1106.82 91.9702  graphClustering-224 14.5764 978.98 67.179 
graphClustering-148 12.036 1097.43 91.2655  graphClustering-148 14.8133 995.245 67.1779 
graphClustering-197 12.0103 1104.48 92.0779  graphClustering-197 15.2756 1025.04 67.1068 
graphClustering-162 11.9985 1090.58 91.0828  graphClustering-162 14.3039 964.236 67.4101 
graphClustering-242 11.9821 1094.97 91.5453  graphClustering-242 14.6284 987.915 67.5322 
graphClustering-272 11.8759 1101.13 92.6532  graphClustering-272 15.4062 1037.11 67.2935 
graphClustering-184 11.8296 1073.57 90.79  graphClustering-184 16.0044 1083.82 67.6882 
graphClustering-218 11.8121 1080.9 91.6393  graphClustering-218 14.6985 994.321 67.6676 
graphClustering-346 11.8113 1073.68 91.1097  graphClustering-346 14.4605 978.785 67.6926 
graphClustering-226 11.7669 1074.14 91.3804  graphClustering-226 15.1091 1020.38 67.5516 
graphClustering-129 11.7593 1078.56 91.8101  graphClustering-129 14.9238 1000.48 67.0443 
graphClustering-214 11.7477 1080.85 92.1113  graphClustering-214 14.2489 966.51 67.8352 
graphClustering-261 11.7456 1075.23 91.6263  graphClustering-261 14.0948 954.039 67.6946 
graphClustering-157 11.7417 1085.33 92.4913  graphClustering-157 14.0211 952.79 67.9538 
graphClustering-250 11.7268 1073.87 91.7899  graphClustering-250 15.6124 1067.39 68.3324 
graphClustering-138 11.7223 1083.55 92.3884  graphClustering-138 14.2559 965.413 67.7252 
graphClustering-241 11.7193 1074.53 91.8976  graphClustering-241 14.6526 990.367 67.589 
graphClustering-331 11.7153 1080.49 92.2654  graphClustering-331 14.1905 956.731 67.4328 
graphClustering-234 11.7039 1077.37 92.2287  graphClustering-234 14.4035 972.557 67.5279 
graphClustering-248 11.7018 1075.56 92.0633  graphClustering-248 14.5908 986.232 67.6036 
graphClustering-299 11.7016 1080.75 92.3511  graphClustering-299 14.2897 961.653 67.3031 
graphClustering-204 11.689 1079.45 92.4403  graphClustering-204 14.6808 993.981 67.7078 
graphClustering-255 11.6874 1065.39 91.26  graphClustering-255 14.7887 996.584 67.3779 
graphClustering-190 11.6815 1064.17 91.1573  graphClustering-190 14.8158 1004.32 67.7896 
graphClustering-240 11.6769 1064.16 91.1556  graphClustering-240 14.5234 982.996 67.6899 
graphClustering-379 11.6723 1068.41 91.5691  graphClustering-379 14.5675 980.947 67.3387 
graphClustering-136 11.6702 1068 91.5745  graphClustering-136 14.7365 993.457 67.43 
graphClustering-165 11.6644 1065.69 91.4071  graphClustering-165 14.3041 963.707 67.389 
graphClustering-236 11.6478 1061.39 91.1527  graphClustering-236 14.9327 1016.31 68.0659 
graphClustering-305 11.6435 1071.7 92.125  graphClustering-305 14.4353 977.401 67.715 
graphClustering-374 11.6432 1066.06 91.5837  graphClustering-374 14.3277 970.107 67.712 
graphClustering-151 11.6416 1070.93 92.0916  graphClustering-151 14.3655 970.809 67.5889 
graphClustering-174 11.6398 1067.87 91.7677  graphClustering-174 14.6086 987.689 67.6074 
graphClustering-182 11.6342 1071.2 92.2036  graphClustering-182 14.371 973.109 67.7096 
graphClustering-289 11.6333 1076.91 92.5875  graphClustering-289 14.2116 956.697 67.3174 
graphClustering-139 11.6223 1073.21 92.3583  graphClustering-139 14.755 995.091 67.4301 
graphClustering-205 11.6187 1064.18 91.6292  graphClustering-205 15.4704 1036.85 67.0544 
graphClustering-294 11.6165 1063.87 91.644  graphClustering-294 14.3418 969.053 67.5856 
graphClustering-254 11.6136 1068.03 92.0318  graphClustering-254 15.0107 1021.1 68.0322 
graphClustering-203 11.6068 1075.42 92.6734  graphClustering-203 14.0968 953.184 67.6198 
graphClustering-131 11.6014 1059.27 91.3596  graphClustering-131 14.1999 955.428 67.286 
graphClustering-326 11.5948 1072.44 92.5994  graphClustering-326 14.2357 959.467 67.4185 
graphClustering-149 11.5939 1064.89 91.899  graphClustering-149 14.8713 1000.89 67.3144 
graphClustering-223 11.5897 1061.21 91.5926  graphClustering-223 14.7695 999.318 67.6933 
graphClustering-168 11.5869 1068.46 92.2529  graphClustering-168 15.5357 1045.55 67.3166 
graphClustering-288 11.5839 1072.96 92.7278  graphClustering-288 15.2755 1024.78 67.1224 
graphClustering-335 11.5801 1065.09 91.9989  graphClustering-335 14.344 970.691 67.6774 
graphClustering-155 11.5767 1064.63 92.0042  graphClustering-155 15.2644 1030.2 67.4808 
graphClustering-382 11.5761 1067.13 92.206  graphClustering-382 14.3974 978.04 67.9426 
graphClustering-172 11.5692 1067.89 92.322  graphClustering-172 14.5882 983.729 67.4413 
graphClustering-263 11.5689 1064.05 91.9751  graphClustering-263 14.8115 994.997 67.1808 
graphClustering-327 11.5652 1077.25 93.0399  graphClustering-327 14.6467 985.108 67.2681 
graphClustering-297 11.5481 1060.86 91.9147  graphClustering-297 13.9293 946.593 67.9696 
graphClustering-215 11.5408 1055.1 91.4362  graphClustering-215 14.1488 957.293 67.6647 
graphClustering-207 11.5394 1070.6 92.7623  graphClustering-207 14.8152 1005.64 67.8755 
graphClustering-227 11.528 1072.6 93.0818  graphClustering-227 14.7475 993.416 67.3536 
graphClustering-316 11.5269 1058.92 91.9484  graphClustering-316 14.4467 972.19 67.2955 
graphClustering-163 11.5266 1060.62 92.0192  graphClustering-163 14.5567 980.613 67.3697 
graphClustering-355 11.5159 1059.15 92.0708  graphClustering-355 14.3706 974.891 67.8446 
graphClustering-271 11.5158 1076.6 93.525  graphClustering-271 14.6211 984.592 67.3476 
graphClustering-146 11.5146 1051.77 91.3866  graphClustering-146 14.6081 988.873 67.6821 
graphClustering-262 11.5136 1062.52 92.45  graphClustering-262 15.0013 1017.93 67.8466 
graphClustering-170 11.5134 1056.62 91.8122  graphClustering-170 15.6366 1053.6 67.3933 
graphClustering-358 11.5071 1065.35 92.5994  graphClustering-358 15.324 1033.19 67.4343 
graphClustering-201 11.5033 1061.22 92.3842  graphClustering-201 14.6203 987.696 67.5567 
graphClustering-210 11.4949 1065.93 92.8041  graphClustering-210 15.2749 1028.16 67.3498 
graphClustering-322 11.4937 1058.28 92.1569  graphClustering-322 14.6905 991.506 67.5009 
graphClustering-334 11.4876 1062.39 92.5849  graphClustering-334 14.4539 983.565 68.0221 
graphClustering-235 11.4841 1055.37 91.9409  graphClustering-235 14.6152 986.71 67.5251 
graphClustering-292 11.4778 1056.38 92.1288  graphClustering-292 14.6816 984.883 67.0857 
graphClustering-377 11.4729 1054.35 91.9443  graphClustering-377 14.9664 1001.42 66.9352 
graphClustering-256 11.4721 1055.96 92.0877  graphClustering-256 14.7954 1000.18 67.6105 
graphClustering-360 11.4681 1061.88 92.7553  graphClustering-360 14.3351 963.09 67.1988 
graphClustering-238 11.4675 1065.97 93.091  graphClustering-238 15.2502 1023.66 67.1508 
graphClustering-323 11.4616 1060.57 92.6499  graphClustering-323 14.8597 1003.71 67.5534 
graphClustering-173 11.4591 1057.02 92.3857  graphClustering-173 14.4252 975.058 67.6265 
graphClustering-188 11.4577 1054.59 92.0658  graphClustering-188 14.7215 990.778 67.3094 
graphClustering-128 11.4571 1053.4 92.0251  graphClustering-128 14.7683 992.207 67.1889 
graphClustering-333 11.4557 1053.59 92.0584  graphClustering-333 14.4055 976.354 67.783 
graphClustering-273 11.4556 1051.4 91.8353  graphClustering-273 14.7749 990.393 67.0365 
graphClustering-217 11.4542 1047.56 91.5428  graphClustering-217 14.9735 1010.71 67.5044 
graphClustering-300 11.4505 1066.84 93.1984  graphClustering-300 14.3417 969.358 67.5836 
graphClustering-260 11.4471 1061.69 92.7625  graphClustering-260 14.5669 981.11 67.4292 
graphClustering-321 11.443 1049.86 91.8436  graphClustering-321 14.6655 987.06 67.3166 
graphClustering-376 11.4417 1053.17 92.1179  graphClustering-376 14.5062 982.047 67.7057 
graphClustering-342 11.441 1069.48 93.5081  graphClustering-342 14.5021 976.173 67.3094 
graphClustering-143 11.441 1052.52 92.0413  graphClustering-143 14.9545 1005.33 67.233 
graphClustering-167 11.4339 1065.54 93.285  graphClustering-167 14.9435 1007.15 67.4068 
graphClustering-266 11.4325 1054.69 92.3359  graphClustering-266 14.3598 968.254 67.4314 
graphClustering-412 11.4318 1031.12 90.2838  graphClustering-412 13.3375 904.194 67.796 
graphClustering-275 11.43 1077.27 94.2655  graphClustering-275 14.4167 972.752 67.4853 
graphClustering-340 11.4295 1063.44 93.1251  graphClustering-340 14.5471 985.596 67.7604 
graphClustering-243 11.41 1054.04 92.3855  graphClustering-243 14.4932 977.815 67.4674 
graphClustering-268 11.408 1061.33 93.033  graphClustering-268 14.4843 981.382 67.7585 
graphClustering-336 11.4066 1052.59 92.3118  graphClustering-336 14.6705 988.769 67.4021 
graphClustering-310 11.4016 1063.52 93.3362  graphClustering-310 14.4988 973.842 67.1672 
graphClustering-291 11.4004 1051.44 92.2893  graphClustering-291 14.9382 1002.87 67.1508 
graphClustering-257 11.3982 1052.83 92.3781  graphClustering-257 14.7088 993.872 67.5812 
graphClustering-366 11.3966 1057.95 92.9086  graphClustering-366 15.1399 1028.04 67.9056 
graphClustering-338 11.396 1053.57 92.5212  graphClustering-338 15.5292 1049.94 67.5963 
graphClustering-354 11.3953 1068.9 93.7625  graphClustering-354 14.7745 999.504 67.6449 
graphClustering-279 11.3933 1065.79 93.551  graphClustering-279 14.5502 980.145 67.3778 
graphClustering-303 11.3904 1050.31 92.2551  graphClustering-303 14.4374 977.666 67.7241 
graphClustering-135 11.3902 1041.71 91.4743  graphClustering-135 14.6363 994.012 67.9085 
graphClustering-212 11.3861 1047.24 92.0122  graphClustering-212 14.9346 1006.11 67.3583 
graphClustering-169 11.3815 1063.46 93.4612  graphClustering-169 14.3054 969.322 67.7568 
graphClustering-192 11.3594 1041.97 91.7388  graphClustering-192 15.0895 1024 67.8295 
graphClustering-362 11.3442 1044.04 92.199  graphClustering-362 14.5588 986.266 67.752 
graphClustering-187 11.3433 1052.43 92.7967  graphClustering-187 14.9099 1000.34 67.1167 
graphClustering-317 11.3432 1049.96 92.6385  graphClustering-317 14.488 978.764 67.5417 
graphClustering-137 11.3393 1049.74 92.5829  graphClustering-137 14.6832 991.263 67.5049 
graphClustering-132 11.3352 1047.97 92.4693  graphClustering-132 14.3229 966.92 67.5083 
graphClustering-267 11.3336 1053.86 93.0474  graphClustering-267 14.5789 981.702 67.396 
graphClustering-176 11.3327 1044.59 92.1744  graphClustering-176 14.6866 988.106 67.313 
graphClustering-359 11.321 1052.19 92.9911  graphClustering-359 14.0742 951.868 67.6291 
graphClustering-198 11.3166 1054.31 93.1727  graphClustering-198 14.8936 1000.64 67.1718 
graphClustering-381 11.3156 1049.93 92.8085  graphClustering-381 14.2134 966.665 68.0143 
graphClustering-285 11.3114 1055.38 93.3099  graphClustering-285 14.7485 992.13 67.2936 
graphClustering-222 11.3112 1044.81 92.391  graphClustering-222 14.1914 960.704 67.7123 
graphClustering-329 11.311 1062.14 93.9386  graphClustering-329 13.782 937.898 68.0494 
graphClustering-252 11.3103 1041.98 92.1475  graphClustering-252 14.678 993.305 67.6655 
graphClustering-348 11.3083 1054.39 93.259  graphClustering-348 14.5099 982.888 67.7333 
graphClustering-318 11.3057 1058.51 93.6484  graphClustering-318 14.8328 1000.85 67.4796 
graphClustering-330 11.3045 1052.91 93.1084  graphClustering-330 14.045 951.369 67.7371 
graphClustering-356 11.3019 1049.74 92.8903  graphClustering-356 14.4347 974.854 67.5426 
graphClustering-259 11.2963 1042.41 92.3292  graphClustering-259 14.1636 958.298 67.6734 
graphClustering-150 11.2943 1057.24 93.7409  graphClustering-150 14.6886 991.658 67.5263 
graphClustering-144 11.2913 1049.18 92.9881  graphClustering-144 14.2959 971.127 67.931 
graphClustering-221 11.2902 1049.38 92.9724  graphClustering-221 14.4912 975.389 67.3144 
graphClustering-179 11.2881 1054.29 93.3959  graphClustering-179 14.3216 965.79 67.4414 
graphClustering-244 11.2863 1044.36 92.5868  graphClustering-244 14.7909 997.195 67.419 
graphClustering-158 11.2856 1045.41 92.6285  graphClustering-158 14.5446 985.521 67.7638 
graphClustering-332 11.2837 1060.46 93.9533  graphClustering-332 14.6326 989.913 67.6516 
graphClustering-213 11.2772 1044.48 92.6337  graphClustering-213 14.7317 995.203 67.5542 
graphClustering-298 11.2767 1045.37 92.7071  graphClustering-298 14.7206 991.047 67.351 
graphClustering-344 11.2723 1041.78 92.4914  graphClustering-344 13.8634 937.937 67.6563 
graphClustering-286 11.2696 1046.64 92.9119  graphClustering-286 14.9335 1010.02 67.6477 
graphClustering-373 11.2656 1044.87 92.8489  graphClustering-373 14.7665 996.399 67.4674 
graphClustering-195 11.2647 1038.81 92.2513  graphClustering-195 14.4659 974.937 67.3949 
graphClustering-309 11.2633 1047.89 93.1171  graphClustering-309 14.2858 961.309 67.2902 
graphClustering-147 11.2524 1042.97 92.7537  graphClustering-147 14.9552 1017.55 68.0425 
graphClustering-351 11.252 1042.45 92.7028  graphClustering-351 14.6269 985.028 67.3434 
graphClustering-278 11.2515 1048.69 93.2605  graphClustering-278 14.54 984.852 67.7548 
graphClustering-164 11.2509 1051.55 93.5185  graphClustering-164 14.0503 950.513 67.6523 
graphClustering-211 11.2502 1035.83 92.072  graphClustering-211 14.2596 959.055 67.2981 
graphClustering-230 11.2489 1053.72 93.7217  graphClustering-230 14.523 984.629 67.8022 
graphClustering-206 11.2402 1048.42 93.2671  graphClustering-206 14.8126 999.191 67.4582 
graphClustering-369 11.2384 1041.34 92.6499  graphClustering-369 14.6152 987.031 67.5441 
graphClustering-175 11.2383 1052.84 93.7242  graphClustering-175 14.5058 982.838 67.746 
graphClustering-194 11.2323 1037.68 92.4399  graphClustering-194 15.59 1055.31 67.634 
graphClustering-249 11.2306 1038.38 92.5057  graphClustering-249 14.0091 951.859 67.953 
graphClustering-270 11.2285 1047.34 93.3319  graphClustering-270 17.1949 1170.82 67.8502 
graphClustering-337 11.2276 1039.76 92.766  graphClustering-337 14.6109 983.883 67.3526 
graphClustering-186 11.2248 1038.57 92.5531  graphClustering-186 14.2259 963.877 67.7575 
graphClustering-352 11.2241 1045.35 93.1556  graphClustering-352 14.1983 961.395 67.7103 
graphClustering-296 11.2154 1041.54 92.8871  graphClustering-296 14.9068 1001.36 67.2078 
graphClustering-199 11.2104 1040.81 92.9055  graphClustering-199 14.9254 1014.4 67.9792 
graphClustering-324 11.2034 1038.05 92.6946  graphClustering-324 14.9486 1011.38 67.6699 
graphClustering-301 11.1979 1037.34 92.6938  graphClustering-301 14.1838 958.442 67.582 
graphClustering-233 11.1959 1034.88 92.512  graphClustering-233 14.3426 973.357 67.8609 
graphClustering-482 11.1909 1017.46 91.277  graphClustering-482 13.4267 906.237 67.5078 
graphClustering-365 11.1884 1038.53 92.9402  graphClustering-365 14.0719 951.671 67.6185 
graphClustering-142 11.1879 1036.2 92.6326  graphClustering-142 14.6662 990.666 67.5898 
graphClustering-209 11.1832 1034.9 92.5532  graphClustering-209 14.8689 998.563 67.1716 
graphClustering-264 11.182 1035.5 92.677  graphClustering-264 14.2733 961.464 67.376 
graphClustering-383 11.1817 1041.71 93.1687  graphClustering-383 14.7447 995.815 67.5424 
graphClustering-313 11.1813 1038.23 92.9207  graphClustering-313 14.263 960.248 67.333 
graphClustering-308 11.1733 1044.4 93.5634  graphClustering-308 14.848 1005.41 67.7147 
graphClustering-177 11.1715 1028.64 92.1735  graphClustering-177 14.517 978.921 67.4408 
graphClustering-368 11.1713 1035.35 92.7008  graphClustering-368 14.4874 977.704 67.4882 
graphClustering-302 11.1704 1055.58 94.4876  graphClustering-302 14.3843 968.173 67.3107 
graphClustering-339 11.17 1033.2 92.5249  graphClustering-339 14.8265 1001.33 67.5621 
graphClustering-231 11.1669 1040.73 93.2112  graphClustering-231 15.5396 1054 67.7801 
graphClustering-320 11.1622 1036.64 92.8853  graphClustering-320 14.3663 972.358 67.692 
graphClustering-171 11.1588 1041.99 93.4317  graphClustering-171 14.6104 985.413 67.4727 
graphClustering-219 11.1514 1033.85 92.741  graphClustering-219 14.5679 980.76 67.3194 
graphClustering-370 11.1501 1034.93 92.8411  graphClustering-370 14.5713 977.854 67.113 
graphClustering-228 11.148 1049.74 94.1874  graphClustering-228 13.9792 946.043 67.6773 
graphClustering-166 11.143 1032.48 92.6681  graphClustering-166 14.8036 997.201 67.3721 
graphClustering-160 11.1388 1038.99 93.2863  graphClustering-160 15.2293 1021.12 67.1018 
graphClustering-189 11.1335 1035.5 93.0433  graphClustering-189 14.3338 968.079 67.5437 
graphClustering-134 11.1309 1040.6 93.5061  graphClustering-134 14.7604 992.468 67.2412 
graphClustering-311 11.128 1033.04 92.8733  graphClustering-311 14.3134 966.676 67.5498 
graphClustering-282 11.1266 1026.9 92.4009  graphClustering-282 15.0092 1020.82 67.9986 
graphClustering-295 11.1255 1038.81 93.3743  graphClustering-295 14.3964 973.386 67.6151 
graphClustering-328 11.1212 1029.92 92.6233  graphClustering-328 14.7565 998.443 67.6457 
graphClustering-258 11.1156 1043.25 93.8466  graphClustering-258 14.2328 955.375 67.1412 
graphClustering-183 11.1154 1031.99 93.0289  graphClustering-183 14.2237 960.627 67.5417 
graphClustering-185 11.1134 1023.53 92.2048  graphClustering-185 14.3058 967.646 67.6403 
graphClustering-181 11.1113 1024.44 92.2889  graphClustering-181 14.6973 991.578 67.4761 
graphClustering-141 11.0973 1026.1 92.4856  graphClustering-141 15.28 1024.08 67.0416 
graphClustering-208 11.0968 1026.48 92.5216  graphClustering-208 14.1242 955.833 67.6923 
graphClustering-367 11.0954 1037.27 93.5888  graphClustering-367 14.2426 965.541 67.7964 
graphClustering-232 11.0934 1027.71 92.6557  graphClustering-232 14.7136 999.768 67.9406 
graphClustering-246 11.0922 1040.84 93.8891  graphClustering-246 14.225 966.422 67.9363 
graphClustering-314 11.0917 1035.91 93.3928  graphClustering-314 14.4756 981.257 67.7931 
graphClustering-315 11.0838 1031.7 93.093  graphClustering-315 14.4728 980.117 67.7213 
graphClustering-245 11.0822 1032.48 93.1882  graphClustering-245 14.67 991.111 67.5741 
graphClustering-276 11.0811 1035.97 93.5189  graphClustering-276 14.5676 982.782 67.4647 
graphClustering-283 11.0673 1031.22 93.2641  graphClustering-283 14.491 979.066 67.5695 
graphClustering-349 11.0633 1031.84 93.3362  graphClustering-349 14.3108 968.199 67.6646 
graphClustering-306 11.059 1028.43 93.039  graphClustering-306 14.7416 996.351 67.5886 
graphClustering-274 11.0569 1029.51 93.1587  graphClustering-274 14.3162 969.662 67.7281 
graphClustering-193 11.0538 1030.67 93.2456  graphClustering-193 15.1637 1021.05 67.3287 
graphClustering-178 11.0534 1020.77 92.3727  graphClustering-178 14.8089 1005.73 67.9185 
graphClustering-343 11.0531 1032.98 93.462  graphClustering-343 14.3124 969.19 67.7188 
graphClustering-357 11.0486 1026.75 92.9495  graphClustering-357 14.3288 970.082 67.7083 
graphClustering-325 11.041 1023.61 92.7393  graphClustering-325 13.8871 942.576 67.8717 
graphClustering-293 11.04 1031.27 93.4126  graphClustering-293 14.4679 981.521 67.8375 
graphClustering-277 11.0396 1028.3 93.1569  graphClustering-277 16.2656 1112.47 68.1956 
graphClustering-371 11.0391 1027.95 93.1768  graphClustering-371 13.758 934.319 67.9126 
graphClustering-225 11.0363 1025.25 92.9922  graphClustering-225 14.1515 956.391 67.5888 
graphClustering-220 11.0363 1022.66 92.7032  graphClustering-220 14.3006 963.337 67.3684 
graphClustering-456 11.0358 1009.05 91.6196  graphClustering-456 13.8015 928.92 67.3215 
graphClustering-216 11.0337 1032.22 93.5662  graphClustering-216 14.6379 984.508 67.3018 
graphClustering-364 11.0314 1026.02 93.0952  graphClustering-364 14.2352 963.979 67.7197 
graphClustering-152 11.0297 1022.38 92.694  graphClustering-152 14.437 975.696 67.5758 
graphClustering-130 11.0297 1025.64 93.0132  graphClustering-130 14.988 1011.44 67.4849 
graphClustering-161 11.025 1031.48 93.6321  graphClustering-161 14.5869 986.835 67.6651 
graphClustering-196 11.022 1027.4 93.2206  graphClustering-196 15.0717 1017.91 67.5116 
graphClustering-145 11.0218 1017.35 92.3159  graphClustering-145 14.7517 995.888 67.5451 
graphClustering-133 11.0196 1030.11 93.5432  graphClustering-133 14.8353 1003.2 67.6073 
graphClustering-307 11.0146 1024.34 93.0789  graphClustering-307 15.41 1039.84 67.4766 
graphClustering-159 11.0076 1020.95 92.764  graphClustering-159 14.9543 1009.08 67.4786 
graphClustering-353 11.0043 1027.03 93.332  graphClustering-353 14.3492 961.528 67.0241 
graphClustering-153 10.997 1021.46 92.9103  graphClustering-153 14.7587 999.805 67.7445 
graphClustering-372 10.9906 1025.44 93.322  graphClustering-372 14.5221 979.119 67.4321 
graphClustering-191 10.9825 1043.56 95.0486  graphClustering-191 14.6157 984.564 67.3706 
graphClustering-247 10.982 1030.26 93.8191  graphClustering-247 14.5329 974.124 67.0383 
graphClustering-284 10.9716 1026.13 93.559  graphClustering-284 14.5666 987.491 67.7907 
graphClustering-361 10.9658 1016.76 92.7779  graphClustering-361 14.3094 966.325 67.548 
graphClustering-350 10.9653 1024.43 93.5062  graphClustering-350 14.4386 973.309 67.415 
graphClustering-290 10.9631 1033.79 94.3117  graphClustering-290 14.3684 966.855 67.291 
graphClustering-378 10.9442 1020.33 93.2468  graphClustering-378 14.615 991.481 67.8462 
graphClustering-312 10.9422 1031.23 94.2557  graphClustering-312 14.5519 982.986 67.5483 
graphClustering-253 10.9389 1033.49 94.4404  graphClustering-253 14.7666 996.539 67.4889 
graphClustering-446 10.9385 1008 92.2771  graphClustering-446 13.3357 905.621 67.9253 
graphClustering-140 10.9335 1017.83 93.1141  graphClustering-140 14.4994 982.775 67.7807 
graphClustering-347 10.9314 1021.11 93.5109  graphClustering-347 14.5194 977.127 67.3139 
graphClustering-304 10.9114 1017.37 93.3511  graphClustering-304 14.9424 1009.28 67.5425 
graphClustering-269 10.9056 1020.49 93.6467  graphClustering-269 14.1294 957.197 67.7468 
graphClustering-389 10.9024 1007.11 92.3883  graphClustering-389 13.4514 910.448 67.6939 
graphClustering-391 10.8998 1001.3 91.9848  graphClustering-391 13.9467 937.92 67.2401 
graphClustering-251 10.8899 1012.5 92.9916  graphClustering-251 14.7781 991.671 67.1199 
graphClustering-287 10.8859 1015.76 93.3838  graphClustering-287 14.9129 1007.71 67.5539 
graphClustering-363 10.8839 1014.51 93.2154  graphClustering-363 14.2659 962.127 67.4487 
graphClustering-180 10.8675 1013.3 93.2847  graphClustering-180 14.5301 982.756 67.6452 
graphClustering-414 10.8642 1006.18 92.7534  graphClustering-414 13.0347 883.179 67.7651 
graphClustering-460 10.8549 1005.86 92.7948  graphClustering-460 13.36 903.037 67.5924 
graphClustering-380 10.854 1027.54 94.684  graphClustering-380 14.6168 989.235 67.6843 
graphClustering-444 10.8463 999.5 92.161  graphClustering-444 13.7874 926.235 67.178 
graphClustering-265 10.8393 1009.85 93.1702  graphClustering-265 13.8482 939.921 67.8741 
graphClustering-433 10.837 1004.16 93.0354  graphClustering-433 13.4058 907.088 67.6621 
graphClustering-239 10.8189 1015.28 93.8548  graphClustering-239 14.4422 974.538 67.48 
graphClustering-453 10.8043 1002.33 92.9001  graphClustering-453 13.0456 885.26 67.8593 
graphClustering-471 10.8007 989.004 91.6117  graphClustering-471 13.4646 908.781 67.5024 
graphClustering-202 10.7972 1006.8 93.2693  graphClustering-202 14.4724 978.755 67.6283 
graphClustering-409 10.7969 995.954 92.3433  graphClustering-409 13.5922 912.34 67.1768 
graphClustering-439 10.7911 1000.38 92.8239  graphClustering-439 13.5139 912.135 67.5017 
graphClustering-463 10.7813 985.347 91.5176  graphClustering-463 13.5154 911.655 67.4551 
graphClustering-404 10.7795 999.233 92.7272  graphClustering-404 13.4374 911.423 67.8267 
graphClustering-465 10.7181 990.463 92.6863  graphClustering-465 13.3314 893.295 67.0223 
graphClustering-423 10.7181 998.522 93.2906  graphClustering-423 13.3337 903.06 67.7229 
graphClustering-395 10.709 986.372 92.1224  graphClustering-395 13.3729 903.942 67.5918 
graphClustering-457 10.6977 991.253 92.708  graphClustering-457 13.526 914.741 67.6373 
graphClustering-156 10.6831 1002.85 93.9034  graphClustering-156 15.3381 1041.09 67.8213 
graphClustering-341 10.675 1006.44 94.3341  graphClustering-341 14.4853 977.318 67.4747 
graphClustering-375 10.6741 1003.88 94.0534  graphClustering-375 15.2063 1024.56 67.4134 
graphClustering-475 10.6739 989.484 92.7452  graphClustering-475 13.3861 905.511 67.6677 
graphClustering-507 10.663 977.293 91.732  graphClustering-507 14.0289 949.195 67.6747 
graphClustering-434 10.6583 977.225 91.7607  graphClustering-434 13.1587 892.341 67.8086 
graphClustering-491 10.6562 977.968 91.8443  graphClustering-491 13.5847 916.042 67.4442 
graphClustering-280 10.6481 998.854 93.8438  graphClustering-280 14.6495 986.05 67.331 
graphClustering-422 10.6419 983.903 92.5311  graphClustering-422 13.4889 905.374 67.1199 
graphClustering-469 10.6408 984.603 92.6172  graphClustering-469 14.145 961.24 67.9462 
graphClustering-447 10.6264 987.968 92.9893  graphClustering-447 13.0996 884.326 67.5137 
graphClustering-503 10.6212 992.952 93.4497  graphClustering-503 14.3002 959.783 67.1087 
graphClustering-496 10.6135 979.432 92.2936  graphClustering-496 12.861 872.908 67.8702 
graphClustering-429 10.6006 976.155 92.1007  graphClustering-429 13.3391 902.107 67.6261 
graphClustering-415 10.5995 996.117 94.0074  graphClustering-415 13.2593 897.512 67.6878 
graphClustering-384 10.5982 978.243 92.3369  graphClustering-384 13.2591 901.591 68.0128 
graphClustering-494 10.598 980.584 92.5801  graphClustering-494 13.6939 927.993 67.7681 
graphClustering-459 10.597 983.884 92.9717  graphClustering-459 13.3804 909.039 67.9543 
graphClustering-438 10.5934 985.467 93.0925  graphClustering-438 14.3711 964.104 67.0915 
graphClustering-473 10.5729 976.762 92.5378  graphClustering-473 13.5357 915.759 67.6609 
graphClustering-458 10.5725 983.726 93.2156  graphClustering-458 13.0827 890.052 68.0303 
graphClustering-388 10.5691 989.239 93.6379  graphClustering-388 13.9333 938.753 67.3996 
graphClustering-497 10.5636 984.968 93.2377  graphClustering-497 13.7375 929.512 67.6801 
graphClustering-477 10.5492 989.071 93.7567  graphClustering-477 13.4136 905.701 67.5209 
graphClustering-416 10.5359 970.953 92.2513  graphClustering-416 13.325 903.669 67.8293 
graphClustering-452 10.5334 970.239 92.3294  graphClustering-452 13.4648 910.055 67.5943 
graphClustering-440 10.5262 981.807 93.3232  graphClustering-440 13.3695 907.247 67.8621 
graphClustering-455 10.5188 976.006 92.8163  graphClustering-455 13.4823 913.607 67.7752 
graphClustering-398 10.5079 976.741 92.9881  graphClustering-398 13.9097 939.512 67.5536 
graphClustering-399 10.5068 969.138 92.2419  graphClustering-399 13.8088 931.534 67.4615 
graphClustering-436 10.5063 983.859 93.7569  graphClustering-436 13.8299 932.036 67.3851 
graphClustering-441 10.5051 972.984 92.6819  graphClustering-441 13.727 924.122 67.3198 
graphClustering-445 10.5049 973.24 92.7806  graphClustering-445 14.0175 944.632 67.4095 
graphClustering-502 10.4805 976.873 93.2449  graphClustering-502 13.178 887.079 67.3169 
graphClustering-405 10.4802 971.326 92.8005  graphClustering-405 13.3282 901.523 67.6439 
graphClustering-489 10.4741 970.117 92.6336  graphClustering-489 13.9957 940.164 67.1807 
graphClustering-390 10.4635 971.704 92.9162  graphClustering-390 13.5738 918.015 67.6279 
graphClustering-467 10.4611 964.188 92.2486  graphClustering-467 13.5689 917.573 67.6315 
graphClustering-461 10.459 970.562 92.811  graphClustering-461 13.1847 897.818 68.1 
graphClustering-508 10.4579 964.457 92.2583  graphClustering-508 13.3412 904.604 67.8024 
graphClustering-396 10.4577 980.044 93.8402  graphClustering-396 13.9558 943.331 67.5855 
graphClustering-448 10.4512 967.248 92.6185  graphClustering-448 13.6318 926.271 67.9546 
graphClustering-509 10.4495 976.598 93.4775  graphClustering-509 13.9154 939.306 67.5245 
graphClustering-418 10.4488 970.2 92.8684  graphClustering-418 13.3205 902.661 67.7715 
graphClustering-406 10.4477 973.519 93.1726  graphClustering-406 13.5287 912.017 67.408 
graphClustering-478 10.4467 970.277 92.8966  graphClustering-478 13.2434 894.378 67.5323 
graphClustering-402 10.4425 971.536 93.0486  graphClustering-402 14.0394 952.963 67.8563 
graphClustering-421 10.4283 968.59 92.9343  graphClustering-421 14.3408 972.95 67.7841 
graphClustering-493 10.4268 964.605 92.5678  graphClustering-493 13.503 909.377 67.3558 
graphClustering-413 10.4104 963.589 92.6223  graphClustering-413 13.6228 921.244 67.6265 
graphClustering-386 10.408 964.453 92.6927  graphClustering-386 13.5397 916.058 67.6659 
graphClustering-462 10.4055 971.485 93.3787  graphClustering-462 13.5753 918.203 67.6414 
graphClustering-424 10.4012 968.778 93.1475  graphClustering-424 13.2324 893.333 67.5347 
graphClustering-510 10.4007 964.071 92.7129  graphClustering-510 13.3284 904.895 67.8888 
graphClustering-443 10.4004 965.075 92.8417  graphClustering-443 13.6427 921.729 67.5656 
graphClustering-470 10.3996 963.656 92.6652  graphClustering-470 14.1897 956.118 67.3797 
graphClustering-410 10.3877 965.039 92.9362  graphClustering-410 13.5894 913.694 67.2458 
graphClustering-417 10.3854 967.148 93.1683  graphClustering-417 13.4271 909.272 67.7201 
graphClustering-411 10.3833 963.394 92.8492  graphClustering-411 13.3703 902.944 67.5425 
graphClustering-480 10.3814 971.09 93.5746  graphClustering-480 13.4 910.947 67.9818 
graphClustering-481 10.3692 972.559 93.7968  graphClustering-481 13.6581 924.801 67.7114 
graphClustering-435 10.369 969.19 93.465  graphClustering-435 13.462 910.841 67.6671 
graphClustering-420 10.3452 962.195 93.1105  graphClustering-420 13.1911 890.713 67.5215 
graphClustering-407 10.3414 965.832 93.3911  graphClustering-407 13.2149 893.598 67.6222 
graphClustering-454 10.3401 977.178 94.4352  graphClustering-454 13.5398 913.261 67.4593 
graphClustering-394 10.335 971.388 94.0516  graphClustering-394 13.1667 893.783 67.8881 
graphClustering-403 10.3285 954.844 92.5155  graphClustering-403 13.3808 908.705 67.9254 
graphClustering-486 10.3277 960.548 93.1115  graphClustering-486 13.7843 929.216 67.4136 
graphClustering-484 10.3193 962.74 93.302  graphClustering-484 13.1887 891.985 67.6306 
graphClustering-474 10.3146 963.934 93.462  graphClustering-474 13.4019 909.588 67.878 
graphClustering-495 10.3135 955.269 92.6801  graphClustering-495 13.6437 920.429 67.4685 
graphClustering-511 10.3094 956.427 92.7981  graphClustering-511 13.1314 887.24 67.5622 
graphClustering-485 10.305 958.474 93.0353  graphClustering-485 13.4413 908.757 67.6025 
graphClustering-500 10.3031 959.868 93.2021  graphClustering-500 13.6052 916.244 67.3549 
graphClustering-451 10.302 962.223 93.4389  graphClustering-451 13.7526 939.328 68.3154 
graphClustering-427 10.3015 967.757 93.9419  graphClustering-427 14.1739 966.539 68.1577 
graphClustering-425 10.2953 957.909 93.0529  graphClustering-425 13.8877 932.41 67.1647 
graphClustering-449 10.2877 960.38 93.3793  graphClustering-449 13.1295 889.642 67.7614 
graphClustering-487 10.2875 958.65 93.1868  graphClustering-487 13.8537 938.059 67.7083 
graphClustering-431 10.2818 951.946 92.668  graphClustering-431 13.41 909.993 67.8641 
graphClustering-393 10.2761 959.125 93.4678  graphClustering-393 12.8467 872.482 67.9138 
graphClustering-464 10.2676 962.122 93.7277  graphClustering-464 13.0559 881.097 67.488 
graphClustering-432 10.2615 959.725 93.6183  graphClustering-432 13.803 933.57 67.6835 
graphClustering-397 10.2536 959.273 93.5657  graphClustering-397 13.3927 907.886 67.7989 
graphClustering-430 10.2454 961.38 93.8656  graphClustering-430 13.3785 906.989 67.8001 
graphClustering-442 10.2393 969.441 94.6804  graphClustering-442 14.2752 970.997 68.0303 
graphClustering-501 10.232 951.514 93.0154  graphClustering-501 13.3482 905.405 67.8443 
graphClustering-392 10.2293 952.861 93.2167  graphClustering-392 14.021 942.507 67.2473 
graphClustering-419 10.2222 953.311 93.291  graphClustering-419 13.2021 889.229 67.3491 
graphClustering-506 10.2174 962.904 94.2891  graphClustering-506 13.5883 913.385 67.2493 
graphClustering-505 10.2056 948.054 92.9036  graphClustering-505 12.8576 873.139 67.9099 
graphClustering-476 10.2049 948.294 92.9592  graphClustering-476 13.9966 940.727 67.2356 
graphClustering-488 10.2038 951.938 93.2886  graphClustering-488 14.0468 948.904 67.5675 
graphClustering-483 10.2038 964.038 94.4886  graphClustering-483 13.5169 914.826 67.673 
graphClustering-437 10.1952 952.735 93.4928  graphClustering-437 13.499 909.694 67.3902 
graphClustering-400 10.1947 965.148 94.8642  graphClustering-400 13.202 889.941 67.4102 
graphClustering-492 10.1881 959.747 94.1841  graphClustering-492 13.4867 908.515 67.368 
graphClustering-450 10.1835 952.958 93.5846  graphClustering-450 14.1238 952.221 67.4278 
graphClustering-428 10.1817 947.401 93.0781  graphClustering-428 13.7193 927.275 67.5921 
graphClustering-426 10.1797 955.487 93.8837  graphClustering-426 13.649 925.55 67.795 
graphClustering-466 10.1276 943.949 93.2379  graphClustering-466 13.4708 908.062 67.4252 
graphClustering-387 10.126 948.126 93.6452  graphClustering-387 13.0298 881.892 67.6837 
graphClustering-490 10.1257 951.836 94.0285  graphClustering-490 13.5507 917.081 67.6923 
graphClustering-408 10.1029 946.745 93.7545  graphClustering-408 13.4775 909.489 67.4745 
graphClustering-385 10.1023 943.572 93.4259  graphClustering-385 13.2536 894.006 67.4644 
graphClustering-472 10.0752 941.004 93.4188  graphClustering-472 13.64 921.41 67.5689 
graphClustering-504 10.0672 942.426 93.626  graphClustering-504 13.5851 922.123 67.878 
graphClustering-498 10.0559 944.459 93.9366  graphClustering-498 13.229 897.118 67.8156 
graphClustering-468 10.0351 942.982 94.0489  graphClustering-468 13.3423 897.987 67.3117 
graphClustering-499 10.0313 934.711 93.1974  graphClustering-499 12.9817 879.416 67.7589 
graphClustering-479 9.98625 942.676 94.4286  graphClustering-479 13.5695 918.685 67.7122 
graphClustering-401 9.96166 936.617 94.0551  graphClustering-401 14.0434 951.2 67.7708 
