2700000 423.202 422.664 95.9074 76.339 63.5233 58.4064 58.0149 38.3614
2600000 424.936 424.379 98.4304 79.9854 60.266 57.2713 56.9174 38.9321
2500000 452.309 451.738 105.434 84.0702 66.5008 60.7243 60.3274 41.1064
2400000 458.26 457.669 108.011 87.1463 65.5203 60.8962 60.5338 41.9384
2300000 460.351 459.73 113.863 91.8608 64.4524 55.3812 54.9737 44.7611
2200000 478.803 478.161 119.387 94.5179 67.162 58.7701 58.357 44.9389
2100000 494.469 493.808 124.71 100.01 67.9633 59.2885 58.9258 47.4949
1900000 521.998 521.271 138.189 111.774 73.2379 53.79 53.5216 53.4503
1800000 569.287 568.528 147.757 119.12 78.981 63.3553 63.0024 58.0489
1700000 597.259 596.471 156.929 127.908 83.4921 63.9659 63.6118 61.5178
1600000 620.791 619.963 167.693 136.365 88.1675 61.535 61.1475 64.867
1500000 672.401 671.533 181.712 147.011 96.555 67.0457 66.6548 69.7024
1400000 720.094 719.17 196.251 159.006 104.02 69.4408 68.9801 76.5922
1300000 757.454 756.475 212.027 171.351 110.318 68.1126 67.6408 80.7318
1200000 836.662 835.623 233.566 188.508 121.791 76.8417 76.4965 88.892
