2700000 71823.6 71788.7 18136.4 13264.7 10796.9 9074.01 9065.65 6401.39
2600000 68532.2 68498.1 17606.6 13068 9795.97 8492.83 8444.15 6227.18
2500000 68210.9 68179.4 17601.6 12882.3 10036 8457.09 8358.05 6095.17
2400000 65493.5 65461.7 17039.4 12665.1 9460.62 8007.22 8000.12 5869.97
2300000 62179.3 62147.8 16801.8 12506.6 8784.02 6977.89 6893.78 5905.04
2200000 60829.3 60798.2 16527.4 12082.6 8633.89 6949.62 6879.1 5590.73
2100000 58969 58937.1 16116.8 11947.8 8221.9 6628.87 6591.7 5518.98
1900000 55351.8 55319.8 15723.7 11672.4 7832.13 5460.48 5467.68 5464.34
1800000 56041.5 56009.8 15674.7 11636.7 7880.81 5886.74 5858.71 5539.39
1700000 55360.6 55328.4 15594.9 11751.5 7821.08 5620.3 5624.29 5517.47
1600000 54641.7 54608.5 15600.2 11719.3 7747.01 5382.92 5372.74 5477.6
1500000 54700.3 54666.9 15723.7 11824.1 7909.52 5211.04 5214.77 5483.28
1400000 54934.2 54899.3 15845.1 11927.7 7948.14 5142.24 5073.88 5646.35
1300000 54811 54774.3 16016 12067.3 7950.65 4976.28 4933.37 5627.83
1200000 56103 56065.5 16407.9 12409 8194.58 5040.97 5024.83 5793.9
