53.386684 3867.180855 72.437181
53.417410 3868.654455 72.423101
53.345930 3869.675040 72.539274
53.449300 3872.082555 72.444027
49.806984 3896.037630 78.222717
49.886429 3899.974335 78.177060
49.958021 3905.220255 78.170036
49.936161 3907.728855 78.254491
47.635595 3939.682125 82.704585
47.653656 3944.123925 82.766449
47.749516 3948.642900 82.694931
47.793523 3952.009650 82.689231
46.441694 3978.134220 85.658680
46.470766 3985.754400 85.769070
46.470767 3988.360035 85.825140
46.477809 3987.413760 85.791776
45.620323 4003.363200 87.753942
45.643396 4005.710235 87.761003
45.665076 4005.138405 87.706816
45.627802 4008.133665 87.844111
45.254023 4002.422175 88.443455
45.254677 4012.869975 88.673044
45.270598 4007.089365 88.514169
45.254124 4009.599705 88.601863
45.130935 4008.429195 88.817774
45.166701 4010.750235 88.798831
45.160615 4011.201765 88.820797
45.160670 4008.702765 88.765351
45.163239 4010.461005 88.799234
45.144792 4004.604720 88.705797
45.158357 4011.735645 88.837059
45.152085 4007.940615 88.765350
45.150064 4004.782920 88.699386
45.154632 4009.984350 88.805604
45.148658 4006.292925 88.735592
45.153254 4008.945675 88.785311
45.149985 4012.497270 88.870400
45.162510 4007.505255 88.735220
45.151419 4018.039230 88.990320
45.149883 4013.160585 88.885293
45.163817 4008.766800 88.760585
45.150765 4008.792030 88.786802
45.167535 4009.095450 88.760554
45.152110 4014.508440 88.910760
45.149747 4006.551285 88.739176
45.165268 4012.456620 88.839428
45.150384 4008.535800 88.781876
45.144336 4014.849000 88.933615
45.160000 4008.241080 88.756446
45.147521 4006.812615 88.749338
45.150637 4013.102175 88.882514
45.152040 4009.085550 88.790796
45.141307 4003.016115 88.677452
45.149825 4010.823225 88.833638
45.165345 4009.419015 88.772022
45.147001 4010.852220 88.839838
