1200000 56315.7 56277.2 16357.5 12540.7 8262.52 5004.28 5000.89 5873.41
1300000 55463.8 55426.6 16092.2 12195.8 8174.84 5059.86 5050.33 5558.46
1400000 54826.2 54790.3 15769.6 12040.7 7891.77 5122.01 5095.56 5649.27
1500000 54872.9 54838.3 15671.3 11897 7959.25 5233.2 5225.56 5499.45
1600000 54855.8 54822 15567.4 11769.7 7828.81 5419.46 5376.61 5458.33
1700000 55189 55155.6 15532.3 11753.9 7729.57 5643.09 5615.65 5460.31
1800000 55284.8 55250.4 15680.9 11691.1 7890.02 5504.68 5506.82 5362.49
1900000 56842.9 56810.4 15675.4 11867 7915.45 6095.12 6038.37 5545.12
2100000 58545 58513 16082.7 12006.3 8303.23 6319.27 6317.4 5536.89
2200000 61913.3 61881.9 16456.4 12353.4 8753.79 7254.33 7234.89 5788.62
2300000 63924 63892.1 16786.5 12448.1 9305.42 7658.44 7647.75 5768
2400000 65644 65611.1 17050.6 12731.8 9617.44 7860.62 7830.03 6056.51
2500000 67823.7 67792 17468.3 12948.8 9912.03 8355.25 8309.84 6106.61
2600000 70332.4 70299.7 17739.3 13244.9 10381.2 8879.17 8813.8 6291
2700000 70861.3 70825.2 17843.2 13277 10468.3 9029.55 8976.67 6334.24
