14.140738 954.820800 67.522699
14.834660 999.668880 67.387383
14.911541 1017.484665 68.234707
14.764784 989.873505 67.042871
15.026937 1008.684030 67.125060
20.039446 1345.952790 67.165169
15.323000 1037.702655 67.721901
15.823881 1055.097105 66.677519
14.226666 964.229625 67.776220
14.880440 1007.180700 67.684875
13.319079 943.118115 70.809557
13.195176 958.380405 72.631121
13.636993 987.308700 72.399298
13.455493 975.444915 72.494181
15.767329 1137.702270 72.155673
13.437936 965.713710 71.864733
17.435609 1274.686710 73.108243
13.725966 986.328510 71.858588
14.101890 1011.562710 71.732419
19.954375 1479.037125 74.120945
14.129554 1077.960735 76.291209
12.996067 987.228810 75.963662
12.697955 971.475975 76.506493
12.886806 985.935315 76.507344
12.280786 945.662700 77.003436
13.585991 1048.453215 77.171638
13.915472 1059.146415 76.112865
13.073561 1004.388840 76.825956
17.381116 1335.116760 76.814215
25.969551 2040.534660 78.574122
12.225497 982.188840 80.339382
12.242052 990.071400 80.874627
11.932913 967.735845 81.098038
12.689674 1017.332745 80.170122
12.733812 1018.579560 79.990155
16.793275 1333.331610 79.396758
12.949453 1035.405960 79.957506
12.579536 1011.625410 80.418338
16.863677 1350.188955 80.064919
12.071328 973.737825 80.665344
12.050934 1016.595900 84.358270
12.575643 1065.821835 84.752871
11.764964 981.740895 83.446142
28.602719 2600.916405 90.932490
13.116045 1078.930365 82.260345
11.857193 1001.323200 84.448590
12.079830 1013.692635 83.916134
11.879120 995.585895 83.809735
12.839060 1076.718225 83.862696
11.981829 1011.957765 84.457704
11.208741 990.691230 88.385591
11.816302 1029.667950 87.139611
11.515687 1014.039825 88.057258
16.306408 1397.804820 85.721198
11.495574 1022.943030 88.985817
13.667706 1190.546955 87.106568
11.386820 1014.083820 89.057683
11.662655 1029.455505 88.269399
11.461966 1010.415225 88.153741
11.548728 1018.744215 88.212678
11.832611 1065.748770 90.068773
11.870248 1067.244675 89.909216
11.927460 1063.020675 89.123810
12.211476 1081.331625 88.550446
12.832651 1122.284745 87.455409
10.704491 980.236980 91.572502
12.108813 1090.664385 90.071951
11.018660 1021.836960 92.736955
17.964427 1537.001085 85.558036
11.326585 1029.621900 90.903119
10.700844 1001.701515 93.609583
11.932731 1111.348680 93.134478
11.403966 1050.470250 92.114470
12.707006 1171.909800 92.225485
11.686100 1067.914455 91.383308
10.873563 1011.072795 92.984498
11.657790 1068.320670 91.640068
12.078144 1107.714660 91.712322
11.158048 1032.859905 92.566362
14.640345 1337.132265 91.332020
11.121583 1032.783615 92.863004
12.253562 1142.915310 93.272088
11.140984 1036.356150 93.021962
12.613570 1140.154770 90.391121
10.966949 1018.651350 92.883751
10.919177 1017.368265 93.172613
11.422358 1051.843350 92.086358
15.880573 1365.340005 85.975488
11.368769 1046.241900 92.027725
11.621818 1073.370195 92.358197
12.193813 1133.899905 92.989771
11.783653 1079.572710 91.616133
13.637287 1239.430770 90.885436
11.542559 1102.718460 95.535007
11.180052 1033.306980 92.424164
11.230276 1069.267275 95.212910
11.607873 1069.709820 92.153821
11.389025 1047.354360 91.961723
12.455115 1144.005585 91.850259
19.285085 1735.863405 90.010671
11.876503 1076.912205 90.675867
12.267709 1108.535925 90.362100
11.150532 1035.728775 92.886038
12.450381 1121.374005 90.067445
11.274018 1037.503110 92.026030
17.675316 1537.146480 86.965715
11.553820 1056.196965 91.415388
10.822303 1012.054410 93.515620
10.870872 1017.555045 93.603812
11.688170 1064.716530 91.093518
11.433334 1053.583395 92.150144
11.883863 1080.148005 90.891995
11.890038 1078.308570 90.690085
21.179748 1921.686165 90.732247
11.583891 1060.240740 91.527164
12.077217 1105.507560 91.536617
11.508367 1056.139575 91.771456
11.723883 1070.538510 91.312626
11.282581 1056.078255 93.602544
11.202628 1029.287295 91.879094
11.439251 1031.211330 90.146751
12.058451 1088.434860 90.263238
11.916929 1078.933905 90.537916
11.338340 1044.777525 92.145542
10.682416 1003.380465 93.928234
11.469306 1094.889540 95.462578
11.001543 1026.243165 93.281746
12.824625 1147.551255 89.480298
11.338209 1076.769705 94.968232
11.286528 1048.627005 92.909622
11.737459 1064.846280 90.722042
12.206813 1098.967185 90.029004
10.846277 1008.466830 92.978153
10.946008 1012.638900 92.512167
10.724843 1010.016435 94.175401
11.146359 1056.901845 94.820369
10.764756 1017.620295 94.532596
11.033127 1033.642920 93.685399
10.855929 1003.665810 92.453242
11.430986 1053.269655 92.141626
14.880440 1007.180700 67.684875
14.834660 999.668880 67.387383
14.764784 989.873505 67.042871
14.226666 964.229625 67.776220
14.140738 954.820800 67.522699
13.593551 983.513070 72.351445
13.455493 975.444915 72.494181
13.437936 965.713710 71.864733
13.319079 943.118115 70.809557
13.195176 958.380405 72.631121
13.073561 1004.388840 76.825956
12.996067 987.228810 75.963662
12.886806 985.935315 76.507344
12.697955 971.475975 76.506493
12.280786 945.662700 77.003436
12.579536 1011.625410 80.418338
12.242052 990.071400 80.874627
12.225497 982.188840 80.339382
12.071328 973.737825 80.665344
11.932913 967.735845 81.098038
12.050934 1016.595900 84.358270
11.981829 1011.957765 84.457704
11.879120 995.585895 83.809735
11.857193 1001.323200 84.448590
11.764964 981.740895 83.446142
11.515687 1014.039825 88.057258
11.495574 1022.943030 88.985817
11.461966 1010.415225 88.153741
11.386820 1014.083820 89.057683
11.208741 990.691230 88.385591
11.832611 1065.748770 90.068773
11.732891 1061.214735 90.447847
11.326585 1029.621900 90.903119
11.018660 1021.836960 92.736955
10.704491 980.236980 91.572502
11.499726 1056.449100 91.867324
11.403966 1050.470250 92.114470
11.158048 1032.859905 92.566362
10.873563 1011.072795 92.984498
10.700844 1001.701515 93.609583
11.368769 1046.241900 92.027725
11.140984 1036.356150 93.021962
11.121583 1032.783615 92.863004
10.966949 1018.651350 92.883751
10.919177 1017.368265 93.172613
11.607873 1069.709820 92.153821
11.542559 1102.718460 95.535007
11.389025 1047.354360 91.961723
11.230276 1069.267275 95.212910
11.180052 1033.306980 92.424164
11.553820 1056.196965 91.415388
11.274018 1037.503110 92.026030
11.150532 1035.728775 92.886038
10.870872 1017.555045 93.603812
10.822303 1012.054410 93.515620
11.508367 1056.139575 91.771456
11.456633 1051.348515 91.767668
11.433334 1053.583395 92.150144
11.282581 1056.078255 93.602544
11.202628 1029.287295 91.879094
11.338209 1076.769705 94.968232
11.295168 1035.665760 91.691044
11.286528 1048.627005 92.909622
11.001543 1026.243165 93.281746
10.682416 1003.380465 93.928234
10.946008 1012.638900 92.512167
10.855929 1003.665810 92.453242
10.846277 1008.466830 92.978153
10.764756 1017.620295 94.532596
10.724843 1010.016435 94.175401
15.979513 1065.650010 66.688516
14.140738 954.820800 67.522699
14.834660 999.668880 67.387383
14.911541 1017.484665 68.234707
14.764784 989.873505 67.042871
15.026937 1008.684030 67.125060
20.039446 1345.952790 67.165169
15.323000 1037.702655 67.721901
15.823881 1055.097105 66.677519
14.226666 964.229625 67.776220
14.880440 1007.180700 67.684875
13.593551 983.513070 72.351445
13.319079 943.118115 70.809557
13.195176 958.380405 72.631121
13.636993 987.308700 72.399298
13.455493 975.444915 72.494181
15.767329 1137.702270 72.155673
13.437936 965.713710 71.864733
17.435609 1274.686710 73.108243
13.725966 986.328510 71.858588
14.101890 1011.562710 71.732419
19.954375 1479.037125 74.120945
13.445800 1009.910745 75.109756
14.129554 1077.960735 76.291209
12.996067 987.228810 75.963662
12.697955 971.475975 76.506493
12.886806 985.935315 76.507344
12.280786 945.662700 77.003436
13.585991 1048.453215 77.171638
13.915472 1059.146415 76.112865
13.073561 1004.388840 76.825956
17.381116 1335.116760 76.814215
25.969551 2040.534660 78.574122
31.832296 2694.962865 84.661277
12.225497 982.188840 80.339382
12.242052 990.071400 80.874627
11.932913 967.735845 81.098038
12.689674 1017.332745 80.170122
12.733812 1018.579560 79.990155
16.793275 1333.331610 79.396758
12.949453 1035.405960 79.957506
12.579536 1011.625410 80.418338
16.863677 1350.188955 80.064919
12.071328 973.737825 80.665344
13.218984 1093.089300 82.690874
12.050934 1016.595900 84.358270
12.575643 1065.821835 84.752871
11.764964 981.740895 83.446142
28.602719 2600.916405 90.932490
13.116045 1078.930365 82.260345
11.857193 1001.323200 84.448590
12.079830 1013.692635 83.916134
11.879120 995.585895 83.809735
12.839060 1076.718225 83.862696
11.981829 1011.957765 84.457704
12.391511 1155.228240 93.227394
11.208741 990.691230 88.385591
11.816302 1029.667950 87.139611
11.515687 1014.039825 88.057258
16.306408 1397.804820 85.721198
11.495574 1022.943030 88.985817
13.667706 1190.546955 87.106568
11.386820 1014.083820 89.057683
11.662655 1029.455505 88.269399
11.461966 1010.415225 88.153741
11.548728 1018.744215 88.212678
11.732891 1061.214735 90.447847
11.832611 1065.748770 90.068773
11.870248 1067.244675 89.909216
11.927460 1063.020675 89.123810
12.211476 1081.331625 88.550446
12.832651 1122.284745 87.455409
10.704491 980.236980 91.572502
12.108813 1090.664385 90.071951
11.018660 1021.836960 92.736955
17.964427 1537.001085 85.558036
11.326585 1029.621900 90.903119
11.499726 1056.449100 91.867324
10.700844 1001.701515 93.609583
11.932731 1111.348680 93.134478
11.403966 1050.470250 92.114470
12.707006 1171.909800 92.225485
11.686100 1067.914455 91.383308
10.873563 1011.072795 92.984498
11.657790 1068.320670 91.640068
12.078144 1107.714660 91.712322
11.158048 1032.859905 92.566362
14.640345 1337.132265 91.332020
12.351341 1149.792480 93.090495
11.121583 1032.783615 92.863004
12.253562 1142.915310 93.272088
11.140984 1036.356150 93.021962
12.613570 1140.154770 90.391121
10.966949 1018.651350 92.883751
10.919177 1017.368265 93.172613
11.422358 1051.843350 92.086358
15.880573 1365.340005 85.975488
11.368769 1046.241900 92.027725
11.621818 1073.370195 92.358197
12.800848 1161.934095 90.770090
12.193813 1133.899905 92.989771
11.783653 1079.572710 91.616133
13.637287 1239.430770 90.885436
11.542559 1102.718460 95.535007
11.180052 1033.306980 92.424164
11.230276 1069.267275 95.212910
11.607873 1069.709820 92.153821
11.389025 1047.354360 91.961723
12.455115 1144.005585 91.850259
19.285085 1735.863405 90.010671
11.878480 1079.192055 90.852704
11.876503 1076.912205 90.675867
12.267709 1108.535925 90.362100
11.150532 1035.728775 92.886038
12.450381 1121.374005 90.067445
11.274018 1037.503110 92.026030
17.675316 1537.146480 86.965715
11.553820 1056.196965 91.415388
10.822303 1012.054410 93.515620
10.870872 1017.555045 93.603812
11.688170 1064.716530 91.093518
11.456633 1051.348515 91.767668
11.433334 1053.583395 92.150144
11.883863 1080.148005 90.891995
11.890038 1078.308570 90.690085
21.179748 1921.686165 90.732247
11.583891 1060.240740 91.527164
12.077217 1105.507560 91.536617
11.508367 1056.139575 91.771456
11.723883 1070.538510 91.312626
11.282581 1056.078255 93.602544
11.202628 1029.287295 91.879094
11.295168 1035.665760 91.691044
11.439251 1031.211330 90.146751
12.058451 1088.434860 90.263238
11.916929 1078.933905 90.537916
11.338340 1044.777525 92.145542
10.682416 1003.380465 93.928234
11.469306 1094.889540 95.462578
11.001543 1026.243165 93.281746
12.824625 1147.551255 89.480298
11.338209 1076.769705 94.968232
11.286528 1048.627005 92.909622
13.732291 1210.512930 88.150836
11.737459 1064.846280 90.722042
12.206813 1098.967185 90.029004
10.846277 1008.466830 92.978153
10.946008 1012.638900 92.512167
10.724843 1010.016435 94.175401
11.146359 1056.901845 94.820369
10.764756 1017.620295 94.532596
11.033127 1033.642920 93.685399
10.855929 1003.665810 92.453242
11.430986 1053.269655 92.141626
15.979513 1065.650010 66.688516
14.140738 954.820800 67.522699
14.834660 999.668880 67.387383
14.911541 1017.484665 68.234707
14.764784 989.873505 67.042871
15.026937 1008.684030 67.125060
20.039446 1345.952790 67.165169
15.323000 1037.702655 67.721901
15.823881 1055.097105 66.677519
14.226666 964.229625 67.776220
14.880440 1007.180700 67.684875
13.593551 983.513070 72.351445
13.319079 943.118115 70.809557
13.195176 958.380405 72.631121
13.636993 987.308700 72.399298
13.455493 975.444915 72.494181
15.767329 1137.702270 72.155673
13.437936 965.713710 71.864733
17.435609 1274.686710 73.108243
13.725966 986.328510 71.858588
14.101890 1011.562710 71.732419
19.954375 1479.037125 74.120945
13.445800 1009.910745 75.109756
14.129554 1077.960735 76.291209
12.996067 987.228810 75.963662
12.697955 971.475975 76.506493
12.886806 985.935315 76.507344
12.280786 945.662700 77.003436
13.585991 1048.453215 77.171638
13.915472 1059.146415 76.112865
13.073561 1004.388840 76.825956
17.381116 1335.116760 76.814215
25.969551 2040.534660 78.574122
31.832296 2694.962865 84.661277
12.225497 982.188840 80.339382
12.242052 990.071400 80.874627
11.932913 967.735845 81.098038
12.689674 1017.332745 80.170122
12.733812 1018.579560 79.990155
16.793275 1333.331610 79.396758
12.949453 1035.405960 79.957506
12.579536 1011.625410 80.418338
16.863677 1350.188955 80.064919
12.071328 973.737825 80.665344
13.218984 1093.089300 82.690874
12.050934 1016.595900 84.358270
12.575643 1065.821835 84.752871
11.764964 981.740895 83.446142
28.602719 2600.916405 90.932490
13.116045 1078.930365 82.260345
11.857193 1001.323200 84.448590
12.079830 1013.692635 83.916134
11.879120 995.585895 83.809735
12.839060 1076.718225 83.862696
11.981829 1011.957765 84.457704
12.391511 1155.228240 93.227394
11.208741 990.691230 88.385591
11.816302 1029.667950 87.139611
11.515687 1014.039825 88.057258
16.306408 1397.804820 85.721198
11.495574 1022.943030 88.985817
13.667706 1190.546955 87.106568
11.386820 1014.083820 89.057683
11.662655 1029.455505 88.269399
11.461966 1010.415225 88.153741
11.548728 1018.744215 88.212678
11.732891 1061.214735 90.447847
11.832611 1065.748770 90.068773
11.870248 1067.244675 89.909216
11.927460 1063.020675 89.123810
12.211476 1081.331625 88.550446
12.832651 1122.284745 87.455409
10.704491 980.236980 91.572502
12.108813 1090.664385 90.071951
11.018660 1021.836960 92.736955
17.964427 1537.001085 85.558036
11.326585 1029.621900 90.903119
11.499726 1056.449100 91.867324
10.700844 1001.701515 93.609583
11.932731 1111.348680 93.134478
11.403966 1050.470250 92.114470
12.707006 1171.909800 92.225485
11.686100 1067.914455 91.383308
10.873563 1011.072795 92.984498
11.657790 1068.320670 91.640068
12.078144 1107.714660 91.712322
11.158048 1032.859905 92.566362
14.640345 1337.132265 91.332020
12.351341 1149.792480 93.090495
11.121583 1032.783615 92.863004
12.253562 1142.915310 93.272088
11.140984 1036.356150 93.021962
12.613570 1140.154770 90.391121
10.966949 1018.651350 92.883751
10.919177 1017.368265 93.172613
11.422358 1051.843350 92.086358
15.880573 1365.340005 85.975488
11.368769 1046.241900 92.027725
11.621818 1073.370195 92.358197
12.800848 1161.934095 90.770090
12.193813 1133.899905 92.989771
11.783653 1079.572710 91.616133
13.637287 1239.430770 90.885436
11.542559 1102.718460 95.535007
11.180052 1033.306980 92.424164
11.230276 1069.267275 95.212910
11.607873 1069.709820 92.153821
11.389025 1047.354360 91.961723
12.455115 1144.005585 91.850259
19.285085 1735.863405 90.010671
11.878480 1079.192055 90.852704
11.876503 1076.912205 90.675867
12.267709 1108.535925 90.362100
11.150532 1035.728775 92.886038
12.450381 1121.374005 90.067445
11.274018 1037.503110 92.026030
17.675316 1537.146480 86.965715
11.553820 1056.196965 91.415388
10.822303 1012.054410 93.515620
10.870872 1017.555045 93.603812
11.688170 1064.716530 91.093518
11.456633 1051.348515 91.767668
11.433334 1053.583395 92.150144
11.883863 1080.148005 90.891995
11.890038 1078.308570 90.690085
21.179748 1921.686165 90.732247
11.583891 1060.240740 91.527164
12.077217 1105.507560 91.536617
11.508367 1056.139575 91.771456
11.723883 1070.538510 91.312626
11.282581 1056.078255 93.602544
11.202628 1029.287295 91.879094
11.295168 1035.665760 91.691044
11.439251 1031.211330 90.146751
12.058451 1088.434860 90.263238
11.916929 1078.933905 90.537916
11.338340 1044.777525 92.145542
10.682416 1003.380465 93.928234
11.469306 1094.889540 95.462578
11.001543 1026.243165 93.281746
12.824625 1147.551255 89.480298
11.338209 1076.769705 94.968232
11.286528 1048.627005 92.909622
13.732291 1210.512930 88.150836
11.737459 1064.846280 90.722042
12.206813 1098.967185 90.029004
10.846277 1008.466830 92.978153
10.946008 1012.638900 92.512167
10.724843 1010.016435 94.175401
11.146359 1056.901845 94.820369
10.764756 1017.620295 94.532596
11.033127 1033.642920 93.685399
10.855929 1003.665810 92.453242
11.430986 1053.269655 92.141626
14.140738 954.820800 67.522699
13.195176 958.380405 72.631121
12.280786 945.662700 77.003436
11.932913 967.735845 81.098038
11.764964 981.740895 83.446142
11.208741 990.691230 88.385591
10.704491 980.236980 91.572502
10.700844 1001.701515 93.609583
10.919177 1017.368265 93.172613
11.180052 1033.306980 92.424164
10.822303 1012.054410 93.515620
11.202628 1029.287295 91.879094
10.682416 1003.380465 93.928234
10.724843 1010.016435 94.175401
14.880440 1007.180700 67.684875
14.834660 999.668880 67.387383
14.764784 989.873505 67.042871
14.226666 964.229625 67.776220
14.140738 954.820800 67.522699
13.593551 983.513070 72.351445
13.455493 975.444915 72.494181
13.437936 965.713710 71.864733
13.319079 943.118115 70.809557
13.195176 958.380405 72.631121
13.073561 1004.388840 76.825956
12.996067 987.228810 75.963662
12.886806 985.935315 76.507344
12.697955 971.475975 76.506493
12.280786 945.662700 77.003436
12.579536 1011.625410 80.418338
12.242052 990.071400 80.874627
12.225497 982.188840 80.339382
12.071328 973.737825 80.665344
11.932913 967.735845 81.098038
12.050934 1016.595900 84.358270
11.981829 1011.957765 84.457704
11.879120 995.585895 83.809735
11.857193 1001.323200 84.448590
11.764964 981.740895 83.446142
11.515687 1014.039825 88.057258
11.495574 1022.943030 88.985817
11.461966 1010.415225 88.153741
11.386820 1014.083820 89.057683
11.208741 990.691230 88.385591
11.832611 1065.748770 90.068773
11.732891 1061.214735 90.447847
11.326585 1029.621900 90.903119
11.018660 1021.836960 92.736955
10.704491 980.236980 91.572502
11.499726 1056.449100 91.867324
11.403966 1050.470250 92.114470
11.158048 1032.859905 92.566362
10.873563 1011.072795 92.984498
10.700844 1001.701515 93.609583
11.368769 1046.241900 92.027725
11.140984 1036.356150 93.021962
11.121583 1032.783615 92.863004
10.966949 1018.651350 92.883751
10.919177 1017.368265 93.172613
11.607873 1069.709820 92.153821
11.542559 1102.718460 95.535007
11.389025 1047.354360 91.961723
11.230276 1069.267275 95.212910
11.180052 1033.306980 92.424164
11.553820 1056.196965 91.415388
11.274018 1037.503110 92.026030
11.150532 1035.728775 92.886038
10.870872 1017.555045 93.603812
10.822303 1012.054410 93.515620
11.508367 1056.139575 91.771456
11.456633 1051.348515 91.767668
11.433334 1053.583395 92.150144
11.282581 1056.078255 93.602544
11.202628 1029.287295 91.879094
11.338209 1076.769705 94.968232
11.295168 1035.665760 91.691044
11.286528 1048.627005 92.909622
11.001543 1026.243165 93.281746
10.682416 1003.380465 93.928234
10.946008 1012.638900 92.512167
10.855929 1003.665810 92.453242
10.846277 1008.466830 92.978153
10.764756 1017.620295 94.532596
10.724843 1010.016435 94.175401
14.880440 1007.180700 67.684875
14.834660 999.668880 67.387383
14.764784 989.873505 67.042871
14.226666 964.229625 67.776220
14.140738 954.820800 67.522699
13.593551 983.513070 72.351445
13.455493 975.444915 72.494181
13.437936 965.713710 71.864733
13.319079 943.118115 70.809557
13.195176 958.380405 72.631121
13.073561 1004.388840 76.825956
12.996067 987.228810 75.963662
12.886806 985.935315 76.507344
12.697955 971.475975 76.506493
12.280786 945.662700 77.003436
12.579536 1011.625410 80.418338
12.242052 990.071400 80.874627
12.225497 982.188840 80.339382
12.071328 973.737825 80.665344
11.932913 967.735845 81.098038
12.050934 1016.595900 84.358270
11.981829 1011.957765 84.457704
11.879120 995.585895 83.809735
11.857193 1001.323200 84.448590
11.764964 981.740895 83.446142
11.515687 1014.039825 88.057258
11.495574 1022.943030 88.985817
11.461966 1010.415225 88.153741
11.386820 1014.083820 89.057683
11.208741 990.691230 88.385591
11.832611 1065.748770 90.068773
11.732891 1061.214735 90.447847
11.326585 1029.621900 90.903119
11.018660 1021.836960 92.736955
10.704491 980.236980 91.572502
11.499726 1056.449100 91.867324
11.403966 1050.470250 92.114470
11.158048 1032.859905 92.566362
10.873563 1011.072795 92.984498
10.700844 1001.701515 93.609583
11.368769 1046.241900 92.027725
11.140984 1036.356150 93.021962
11.121583 1032.783615 92.863004
10.966949 1018.651350 92.883751
10.919177 1017.368265 93.172613
11.607873 1069.709820 92.153821
11.542559 1102.718460 95.535007
11.389025 1047.354360 91.961723
11.230276 1069.267275 95.212910
11.180052 1033.306980 92.424164
11.553820 1056.196965 91.415388
11.274018 1037.503110 92.026030
11.150532 1035.728775 92.886038
10.870872 1017.555045 93.603812
10.822303 1012.054410 93.515620
11.508367 1056.139575 91.771456
11.456633 1051.348515 91.767668
11.433334 1053.583395 92.150144
11.282581 1056.078255 93.602544
11.202628 1029.287295 91.879094
11.338209 1076.769705 94.968232
11.295168 1035.665760 91.691044
11.286528 1048.627005 92.909622
11.001543 1026.243165 93.281746
10.682416 1003.380465 93.928234
10.946008 1012.638900 92.512167
10.855929 1003.665810 92.453242
10.846277 1008.466830 92.978153
10.764756 1017.620295 94.532596
10.724843 1010.016435 94.175401
15.865483 1169.817870 73.733518
15.550625 1146.644700 73.736247
15.449195 1143.160815 73.994845
15.145306 1131.425250 74.704683
14.878471 1106.415255 74.363507
15.151917 1254.363075 82.785769
15.083962 1264.879275 83.855902
14.455835 1193.807670 82.583103
13.956875 1158.544815 83.008897
13.746062 1145.231355 83.313414
15.228258 1390.825605 91.331894
14.674286 1352.488140 92.167217
14.499019 1321.920885 91.173129
13.774807 1246.949130 90.523893
13.073448 1182.529635 90.452771
14.083473 1357.608525 96.397281
14.039106 1335.595560 95.133947
13.410372 1278.513435 95.337657
12.886415 1226.885775 95.207691
11.946134 1148.972760 96.179461
13.704686 1376.354160 100.429458
13.474093 1355.791200 100.622074
13.218144 1343.787120 101.662312
12.133179 1224.295530 100.904758
11.991944 1213.378860 101.182834
13.569547 1417.505430 104.462250
13.188857 1387.595055 105.209652
13.119710 1361.109420 103.745392
12.641464 1341.998250 106.158448
11.958970 1270.833900 106.266170
12.219123 1348.893765 110.392028
12.169778 1309.348935 107.590205
11.695942 1269.890700 108.575328
11.140718 1215.405450 109.095792
11.055009 1208.480355 109.315182
12.844192 1401.695985 109.130723
12.423125 1361.887455 109.625196
12.002025 1315.924620 109.641879
11.895402 1313.326980 110.406273
11.529253 1275.642465 110.643980
12.353876 1364.716275 110.468670
11.507639 1294.443510 112.485584
11.189906 1242.283380 111.018215
10.927206 1219.516470 111.603689
10.791283 1205.987100 111.755673
12.395215 1371.193035 110.622770
12.261735 1358.752575 110.812428
11.900498 1327.784070 111.573820
11.849804 1312.671330 110.775780
11.448219 1268.601510 110.812132
12.004711 1322.258835 110.144995
11.978602 1316.560485 109.909356
11.776722 1300.503465 110.430005
11.437486 1277.449530 111.689710
10.863210 1222.882545 112.571009
11.759487 1306.332150 111.087512
11.743485 1322.259945 112.595187
11.567870 1272.957480 110.042513
11.234348 1251.008370 111.355674
11.156350 1254.627420 112.458590
13.007370 1421.029395 109.248014
12.606147 1383.505995 109.748520
12.567172 1382.174745 109.982955
11.325644 1285.570680 113.509725
11.163607 1249.693665 111.943540
11.906188 1310.781645 110.092474
11.860698 1305.217395 110.045582
11.396827 1271.390685 111.556546
11.169937 1238.678100 110.893924
10.526035 1190.754945 113.124740
