40 15.0559 1013.91 67.3462	40 15.4501 1040.58 67.3661
45 14.5322 1041.71 71.6975	45 14.693 1063.89 72.3206
50 13.897 1048.39 75.4793	50 14.7602 1133.26 76.6255
55 13.13 1035.93 78.9531	55 14.9921 1215.92 80.6942
60 12.9406 1073.7 82.98	60 13.8151 1176.03 84.4487
65 13.3503 1159.16 87.1179	65 12.2238 1079.42 88.3924
70 11.6172 1056.75 90.9983	70 12.3209 1101.84 89.6726
75 12.3797 1116.26 90.2504	75 11.8489 1092.44 92.2336
80 12.9311 1167.31 90.5736	80 11.9692 1097.71 91.9221
85 12.3341 1115.44 90.6438	85 12.646 1165.19 92.31
90 11.9781 1093.58 91.3814	90 12.1371 1104.27 91.224
95 12.2493 1109.62 90.7434	95 12.4747 1142.08 91.6238
100 12.3877 1124.03 90.8086	100 11.5137 1061.5 92.2559
0 12.6237 1142.45 90.7184	0 11.4023 1051.87 92.3819
