40 14.7963 997.214 67.4019	40 16.7691 1290.06 76.9311	40 15.3778 1139.49 74.1066
45 13.643 982.585 72.0229	45 15.421 1334.59 86.5444	45 14.4789 1203.37 83.1094
50 13.1133 990.749 75.5601	50 14.0705 1349.08 95.8797	50 14.25 1298.94 91.1298
55 12.5102 1004.09 80.2694	55 13.466 1418.59 105.345	55 13.2731 1269.52 95.6512
60 11.8821 998.548 84.0473	60 12.8164 1466.93 114.452	60 12.9044 1302.72 100.96
65 11.5517 1015.06 87.8805	65 12.2146 1527.02 125.015	65 12.8957 1355.81 105.168
70 11.1274 1019.05 91.5833	70 11.4697 1522.23 132.719	70 11.6561 1270.4 108.994
75 11.1148 1024.62 92.1955	75 11.3236 1552.93 137.144	75 12.1388 1333.7 109.89
80 11.5784 1054.43 91.0781	80 11.3914 1586.69 139.291	80 11.354 1265.39 111.466
85 11.6802 1064.08 91.178	85 10.9433 1526.88 139.528	85 11.9711 1327.8 110.919
90 11.4124 1046.74 91.7535	90 11.1309 1559.73 140.113	90 11.6121 1287.93 110.949
95 11.0282 1024.33 92.9046	95 11.5675 1626.3 140.583	95 11.4923 1281.44 111.508
100 11.0201 1021.2 92.6874	100 10.9937 1548.62 140.869	100 12.134 1344.39 110.887
NoCap 11.2965 1039.23 91.9967	0 11.2121 1578.07 140.753	0 11.3719 1263.36 111.143
