40 14.4442 975.305 67.5211 40 14.5695 983.155 67.4828
45 14.0119 1007.05 71.8744 45 13.4002 965.234 72.0302
50 13.1505 1002.62 76.2369 50 12.787 978.938 76.5614
55 12.5474 1002.77 79.9494 55 12.2103 985.072 80.6791
60 12.3627 1031 83.4006 60 11.9068 1001.44 84.1041
65 11.4518 1013.3 88.4916 65 11.4138 1010.43 88.528
70 11.085 1018.18 91.8462 70 11.323 1031.73 91.1458
75 11.6189 1058.69 91.2055 75 11.1272 1030.51 92.6284
80 11.452 1056.37 92.2566 80 11.1035 1030.28 92.7938
85 11.2736 1040.83 92.3315 85 11.39 1064.47 93.4575
90 11.1533 1028.33 92.2479 90 11.1343 1031.81 92.6894
95 11.431 1062.13 92.9388 95 11.3767 1049.29 92.2342
100 11.6107 1065.84 91.8276 100 11.1208 1038.14 93.3558
0 11.3094 1045.57 92.4793 0 10.8276 1010.48 93.3303
