15.192046 1012.043880 66.616693
14.145610 950.874150 67.220444
15.003389 1006.287645 67.070689
15.811987 1067.582775 67.517305
14.713145 991.077405 67.359998
14.169618 958.442820 67.640694
15.432631 1039.471395 67.355424
16.243339 1091.243670 67.180994
14.682619 994.035690 67.701526
15.710415 1059.843855 67.461224
15.418499 1099.819035 71.331137
13.703806 989.664585 72.218225
14.673838 1062.516915 72.408930
14.268199 1022.148735 71.638245
14.707431 1057.480110 71.901074
13.867291 995.797260 71.809067
14.357570 1026.171180 71.472483
14.186838 1013.524080 71.441152
16.064740 1136.256240 70.729827
14.033263 1014.115725 72.265141
15.144224 1110.553515 73.331822
13.169453 1018.035240 77.302775
13.114719 996.448620 75.979411
14.411743 1077.910695 74.793918
13.884658 1054.530585 75.949340
12.942711 979.702905 75.695340
14.136680 1062.077625 75.129210
13.474174 1031.720145 76.570197
15.714919 1182.082050 75.220370
13.822208 1032.013560 74.663435
13.238503 1036.094655 78.263730
13.606644 1067.192340 78.431708
13.898789 1077.993810 77.560269
13.153924 1048.487130 79.709076
11.939835 956.166390 80.082042
13.209154 1033.475610 78.239350
14.284658 1108.106460 77.573187
13.060031 1044.604440 79.984837
13.455818 1058.551725 78.668701
11.686373 951.187155 81.392844
12.526302 1049.595870 83.791356
11.990464 1008.182130 84.081997
13.327725 1081.027665 81.111195
12.469395 1034.809365 82.987937
13.605745 1124.577840 82.654632
12.954025 1072.862715 82.820799
15.197997 1269.299775 83.517568
12.602865 1049.380440 83.265228
12.538363 1040.926230 83.019312
12.844747 1058.510970 82.408081
12.266089 1060.509630 86.458664
11.730513 1026.252390 87.485720
12.547946 1088.996790 86.786857
13.476291 1137.916020 84.438368
11.773247 1036.909650 88.073376
22.992806 1948.957710 84.763805
16.537701 1410.962415 85.317929
11.227152 1001.161485 89.173236
11.462493 1023.969750 89.332202
11.482246 1010.135205 87.973660
11.480538 1034.645145 90.121663
12.175010 1083.909180 89.027374
10.792555 993.927315 92.093790
11.262413 1020.350250 90.597840
11.014905 1001.285835 90.902808
11.325461 1065.401250 94.071337
11.029836 1009.948395 91.565132
11.777819 1078.936815 91.607520
12.716835 1120.742910 88.130646
12.852672 1185.591135 92.244717
12.468766 1116.850560 89.571863
10.460032 984.711240 94.140365
13.003482 1149.054840 88.365163
12.771468 1137.898620 89.096935
13.915368 1250.250810 89.846763
11.427076 1048.930590 91.793436
11.982851 1070.305260 89.319749
13.304161 1200.279630 90.218360
12.250443 1104.579960 90.166529
11.974138 1084.946805 90.607507
11.610246 1095.597885 94.364742
20.732031 1802.259915 86.931181
14.501410 1288.272750 88.837755
12.302623 1109.269350 90.165272
12.291856 1100.691375 89.546391
11.616361 1059.180795 91.180083
11.519598 1055.125380 91.593939
12.718968 1138.283880 89.494990
10.822146 1008.518820 93.190279
11.691672 1063.405335 90.954086
12.652601 1124.219565 88.852843
11.434191 1050.874290 91.906311
11.297504 1041.146115 92.157179
13.427544 1173.002265 87.357916
11.133481 1032.254730 92.716261
16.535199 1441.408770 87.172144
12.640471 1147.146555 90.751887
11.420554 1047.706980 91.738718
11.082139 1032.181170 93.139163
11.751052 1072.022730 91.227808
13.856825 1237.881540 89.333707
13.609855 1260.383655 92.608165
11.756216 1081.826145 92.021629
11.606693 1055.489370 90.937995
11.478943 1044.993975 91.035732
11.001143 1018.092240 92.544228
11.836989 1077.982305 91.068963
12.044440 1089.931425 90.492493
10.395078 982.149210 94.482136
11.284829 1040.906460 92.239454
13.326257 1170.920025 87.865635
12.409791 1110.964965 89.523263
11.017959 1054.502580 95.707615
11.432676 1047.747555 91.644996
13.143753 1152.551700 87.688174
12.170244 1100.150820 90.396774
12.254506 1099.398765 89.713837
11.755486 1079.703630 91.846788
11.647048 1088.607540 93.466394
11.301972 1040.099175 92.028111
11.070095 1022.440665 92.360604
12.199271 1105.350030 90.607876
12.756192 1142.532480 89.566892
10.967997 1013.950575 92.446284
12.903600 1176.008340 91.138003
12.363196 1113.386340 90.056518
14.260592 1277.979420 89.616156
13.581762 1214.797470 89.443289
11.775257 1095.893445 93.067473
12.040807 1091.567340 90.655662
11.102835 1029.889440 92.759145
11.084368 1025.926785 92.556186
11.942382 1075.747215 90.078108
12.619811 1124.402130 89.098175
11.470994 1076.958165 93.885340
13.672061 1207.160610 88.293977
17.094789 1494.463725 87.422183
14.635648 1325.711490 90.580989
10.946621 1019.321955 93.117500
12.306907 1104.489900 89.745529
14.713145 991.077405 67.359998
14.682619 994.035690 67.701526
14.510208 982.093500 67.682935
14.169618 958.442820 67.640694
14.145610 950.874150 67.220444
14.268199 1022.148735 71.638245
14.186838 1013.524080 71.441152
14.033263 1014.115725 72.265141
13.867291 995.797260 71.809067
13.703806 989.664585 72.218225
13.474174 1031.720145 76.570197
13.169453 1018.035240 77.302775
13.114719 996.448620 75.979411
13.051655 987.185370 75.636795
12.942711 979.702905 75.695340
13.153924 1048.487130 79.709076
13.060031 1044.604440 79.984837
12.896799 1013.405895 78.578098
11.939835 956.166390 80.082042
11.686373 951.187155 81.392844
12.538363 1040.926230 83.019312
12.526302 1049.595870 83.791356
12.469395 1034.809365 82.987937
12.288805 1021.472655 83.122214
11.990464 1008.182130 84.081997
11.730513 1026.252390 87.485720
11.482246 1010.135205 87.973660
11.462493 1023.969750 89.332202
11.356803 1005.001890 88.493380
11.227152 1001.161485 89.173236
11.325461 1065.401250 94.071337
11.262413 1020.350250 90.597840
11.029836 1009.948395 91.565132
11.014905 1001.285835 90.902808
10.792555 993.927315 92.093790
12.250443 1104.579960 90.166529
11.982851 1070.305260 89.319749
11.974138 1084.946805 90.607507
11.427076 1048.930590 91.793436
10.460032 984.711240 94.140365
11.691672 1063.405335 90.954086
11.616361 1059.180795 91.180083
11.610246 1095.597885 94.364742
11.519598 1055.125380 91.593939
10.822146 1008.518820 93.190279
11.434191 1050.874290 91.906311
11.420554 1047.706980 91.738718
11.297504 1041.146115 92.157179
11.133481 1032.254730 92.716261
11.082139 1032.181170 93.139163
11.606693 1055.489370 90.937995
11.478943 1044.993975 91.035732
11.284829 1040.906460 92.239454
11.001143 1018.092240 92.544228
10.395078 982.149210 94.482136
11.755486 1079.703630 91.846788
11.647048 1088.607540 93.466394
11.432676 1047.747555 91.644996
11.301972 1040.099175 92.028111
11.017959 1054.502580 95.707615
12.199271 1105.350030 90.607876
12.040807 1091.567340 90.655662
11.775257 1095.893445 93.067473
11.070095 1022.440665 92.360604
10.967997 1013.950575 92.446284
11.942382 1075.747215 90.078108
11.470994 1076.958165 93.885340
11.102835 1029.889440 92.759145
11.084368 1025.926785 92.556186
10.946621 1019.321955 93.117500
14.510208 982.093500 67.682935
15.192046 1012.043880 66.616693
14.145610 950.874150 67.220444
15.003389 1006.287645 67.070689
15.811987 1067.582775 67.517305
14.713145 991.077405 67.359998
14.169618 958.442820 67.640694
15.432631 1039.471395 67.355424
16.243339 1091.243670 67.180994
14.682619 994.035690 67.701526
15.710415 1059.843855 67.461224
14.572467 1041.303330 71.456899
15.418499 1099.819035 71.331137
13.703806 989.664585 72.218225
14.673838 1062.516915 72.408930
14.268199 1022.148735 71.638245
14.707431 1057.480110 71.901074
13.867291 995.797260 71.809067
14.357570 1026.171180 71.472483
14.186838 1013.524080 71.441152
16.064740 1136.256240 70.729827
14.033263 1014.115725 72.265141
13.051655 987.185370 75.636795
15.144224 1110.553515 73.331822
13.169453 1018.035240 77.302775
13.114719 996.448620 75.979411
14.411743 1077.910695 74.793918
13.884658 1054.530585 75.949340
12.942711 979.702905 75.695340
14.136680 1062.077625 75.129210
13.474174 1031.720145 76.570197
15.714919 1182.082050 75.220370
13.822208 1032.013560 74.663435
12.896799 1013.405895 78.578098
13.238503 1036.094655 78.263730
13.606644 1067.192340 78.431708
13.898789 1077.993810 77.560269
13.153924 1048.487130 79.709076
11.939835 956.166390 80.082042
13.209154 1033.475610 78.239350
14.284658 1108.106460 77.573187
13.060031 1044.604440 79.984837
13.455818 1058.551725 78.668701
11.686373 951.187155 81.392844
12.288805 1021.472655 83.122214
12.526302 1049.595870 83.791356
11.990464 1008.182130 84.081997
13.327725 1081.027665 81.111195
12.469395 1034.809365 82.987937
13.605745 1124.577840 82.654632
12.954025 1072.862715 82.820799
15.197997 1269.299775 83.517568
12.602865 1049.380440 83.265228
12.538363 1040.926230 83.019312
12.844747 1058.510970 82.408081
11.356803 1005.001890 88.493380
12.266089 1060.509630 86.458664
11.730513 1026.252390 87.485720
12.547946 1088.996790 86.786857
13.476291 1137.916020 84.438368
11.773247 1036.909650 88.073376
22.992806 1948.957710 84.763805
16.537701 1410.962415 85.317929
11.227152 1001.161485 89.173236
11.462493 1023.969750 89.332202
11.482246 1010.135205 87.973660
11.361507 1029.561825 90.618423
11.480538 1034.645145 90.121663
12.175010 1083.909180 89.027374
10.792555 993.927315 92.093790
11.262413 1020.350250 90.597840
11.014905 1001.285835 90.902808
11.325461 1065.401250 94.071337
11.029836 1009.948395 91.565132
11.777819 1078.936815 91.607520
12.716835 1120.742910 88.130646
12.852672 1185.591135 92.244717
12.619319 1131.034665 89.627237
12.468766 1116.850560 89.571863
10.460032 984.711240 94.140365
13.003482 1149.054840 88.365163
12.771468 1137.898620 89.096935
13.915368 1250.250810 89.846763
11.427076 1048.930590 91.793436
11.982851 1070.305260 89.319749
13.304161 1200.279630 90.218360
12.250443 1104.579960 90.166529
11.974138 1084.946805 90.607507
12.435222 1119.809280 90.051408
11.610246 1095.597885 94.364742
20.732031 1802.259915 86.931181
14.501410 1288.272750 88.837755
12.302623 1109.269350 90.165272
12.291856 1100.691375 89.546391
11.616361 1059.180795 91.180083
11.519598 1055.125380 91.593939
12.718968 1138.283880 89.494990
10.822146 1008.518820 93.190279
11.691672 1063.405335 90.954086
12.300854 1107.836490 90.061757
12.652601 1124.219565 88.852843
11.434191 1050.874290 91.906311
11.297504 1041.146115 92.157179
13.427544 1173.002265 87.357916
11.133481 1032.254730 92.716261
16.535199 1441.408770 87.172144
12.640471 1147.146555 90.751887
11.420554 1047.706980 91.738718
11.082139 1032.181170 93.139163
11.751052 1072.022730 91.227808
12.888529 1139.740665 88.430624
13.856825 1237.881540 89.333707
13.609855 1260.383655 92.608165
11.756216 1081.826145 92.021629
11.606693 1055.489370 90.937995
11.478943 1044.993975 91.035732
11.001143 1018.092240 92.544228
11.836989 1077.982305 91.068963
12.044440 1089.931425 90.492493
10.395078 982.149210 94.482136
11.284829 1040.906460 92.239454
14.283142 1261.140450 88.295728
13.326257 1170.920025 87.865635
12.409791 1110.964965 89.523263
11.017959 1054.502580 95.707615
11.432676 1047.747555 91.644996
13.143753 1152.551700 87.688174
12.170244 1100.150820 90.396774
12.254506 1099.398765 89.713837
11.755486 1079.703630 91.846788
11.647048 1088.607540 93.466394
11.301972 1040.099175 92.028111
12.346423 1110.387195 89.935947
11.070095 1022.440665 92.360604
12.199271 1105.350030 90.607876
12.756192 1142.532480 89.566892
10.967997 1013.950575 92.446284
12.903600 1176.008340 91.138003
12.363196 1113.386340 90.056518
14.260592 1277.979420 89.616156
13.581762 1214.797470 89.443289
11.775257 1095.893445 93.067473
12.040807 1091.567340 90.655662
11.983933 1082.926020 90.364829
11.102835 1029.889440 92.759145
11.084368 1025.926785 92.556186
11.942382 1075.747215 90.078108
12.619811 1124.402130 89.098175
11.470994 1076.958165 93.885340
13.672061 1207.160610 88.293977
17.094789 1494.463725 87.422183
14.635648 1325.711490 90.580989
10.946621 1019.321955 93.117500
12.306907 1104.489900 89.745529
14.510208 982.093500 67.682935
15.192046 1012.043880 66.616693
14.145610 950.874150 67.220444
15.003389 1006.287645 67.070689
15.811987 1067.582775 67.517305
14.713145 991.077405 67.359998
14.169618 958.442820 67.640694
15.432631 1039.471395 67.355424
16.243339 1091.243670 67.180994
14.682619 994.035690 67.701526
15.710415 1059.843855 67.461224
14.572467 1041.303330 71.456899
15.418499 1099.819035 71.331137
13.703806 989.664585 72.218225
14.673838 1062.516915 72.408930
14.268199 1022.148735 71.638245
14.707431 1057.480110 71.901074
13.867291 995.797260 71.809067
14.357570 1026.171180 71.472483
14.186838 1013.524080 71.441152
16.064740 1136.256240 70.729827
14.033263 1014.115725 72.265141
13.051655 987.185370 75.636795
15.144224 1110.553515 73.331822
13.169453 1018.035240 77.302775
13.114719 996.448620 75.979411
14.411743 1077.910695 74.793918
13.884658 1054.530585 75.949340
12.942711 979.702905 75.695340
14.136680 1062.077625 75.129210
13.474174 1031.720145 76.570197
15.714919 1182.082050 75.220370
13.822208 1032.013560 74.663435
12.896799 1013.405895 78.578098
13.238503 1036.094655 78.263730
13.606644 1067.192340 78.431708
13.898789 1077.993810 77.560269
13.153924 1048.487130 79.709076
11.939835 956.166390 80.082042
13.209154 1033.475610 78.239350
14.284658 1108.106460 77.573187
13.060031 1044.604440 79.984837
13.455818 1058.551725 78.668701
11.686373 951.187155 81.392844
12.288805 1021.472655 83.122214
12.526302 1049.595870 83.791356
11.990464 1008.182130 84.081997
13.327725 1081.027665 81.111195
12.469395 1034.809365 82.987937
13.605745 1124.577840 82.654632
12.954025 1072.862715 82.820799
15.197997 1269.299775 83.517568
12.602865 1049.380440 83.265228
12.538363 1040.926230 83.019312
12.844747 1058.510970 82.408081
11.356803 1005.001890 88.493380
12.266089 1060.509630 86.458664
11.730513 1026.252390 87.485720
12.547946 1088.996790 86.786857
13.476291 1137.916020 84.438368
11.773247 1036.909650 88.073376
22.992806 1948.957710 84.763805
16.537701 1410.962415 85.317929
11.227152 1001.161485 89.173236
11.462493 1023.969750 89.332202
11.482246 1010.135205 87.973660
11.361507 1029.561825 90.618423
11.480538 1034.645145 90.121663
12.175010 1083.909180 89.027374
10.792555 993.927315 92.093790
11.262413 1020.350250 90.597840
11.014905 1001.285835 90.902808
11.325461 1065.401250 94.071337
11.029836 1009.948395 91.565132
11.777819 1078.936815 91.607520
12.716835 1120.742910 88.130646
12.852672 1185.591135 92.244717
12.619319 1131.034665 89.627237
12.468766 1116.850560 89.571863
10.460032 984.711240 94.140365
13.003482 1149.054840 88.365163
12.771468 1137.898620 89.096935
13.915368 1250.250810 89.846763
11.427076 1048.930590 91.793436
11.982851 1070.305260 89.319749
13.304161 1200.279630 90.218360
12.250443 1104.579960 90.166529
11.974138 1084.946805 90.607507
12.435222 1119.809280 90.051408
11.610246 1095.597885 94.364742
20.732031 1802.259915 86.931181
14.501410 1288.272750 88.837755
12.302623 1109.269350 90.165272
12.291856 1100.691375 89.546391
11.616361 1059.180795 91.180083
11.519598 1055.125380 91.593939
12.718968 1138.283880 89.494990
10.822146 1008.518820 93.190279
11.691672 1063.405335 90.954086
12.300854 1107.836490 90.061757
12.652601 1124.219565 88.852843
11.434191 1050.874290 91.906311
11.297504 1041.146115 92.157179
13.427544 1173.002265 87.357916
11.133481 1032.254730 92.716261
16.535199 1441.408770 87.172144
12.640471 1147.146555 90.751887
11.420554 1047.706980 91.738718
11.082139 1032.181170 93.139163
11.751052 1072.022730 91.227808
12.888529 1139.740665 88.430624
13.856825 1237.881540 89.333707
13.609855 1260.383655 92.608165
11.756216 1081.826145 92.021629
11.606693 1055.489370 90.937995
11.478943 1044.993975 91.035732
11.001143 1018.092240 92.544228
11.836989 1077.982305 91.068963
12.044440 1089.931425 90.492493
10.395078 982.149210 94.482136
11.284829 1040.906460 92.239454
14.283142 1261.140450 88.295728
13.326257 1170.920025 87.865635
12.409791 1110.964965 89.523263
11.017959 1054.502580 95.707615
11.432676 1047.747555 91.644996
13.143753 1152.551700 87.688174
12.170244 1100.150820 90.396774
12.254506 1099.398765 89.713837
11.755486 1079.703630 91.846788
11.647048 1088.607540 93.466394
11.301972 1040.099175 92.028111
12.346423 1110.387195 89.935947
11.070095 1022.440665 92.360604
12.199271 1105.350030 90.607876
12.756192 1142.532480 89.566892
10.967997 1013.950575 92.446284
12.903600 1176.008340 91.138003
12.363196 1113.386340 90.056518
14.260592 1277.979420 89.616156
13.581762 1214.797470 89.443289
11.775257 1095.893445 93.067473
12.040807 1091.567340 90.655662
11.983933 1082.926020 90.364829
11.102835 1029.889440 92.759145
11.084368 1025.926785 92.556186
11.942382 1075.747215 90.078108
12.619811 1124.402130 89.098175
11.470994 1076.958165 93.885340
13.672061 1207.160610 88.293977
17.094789 1494.463725 87.422183
14.635648 1325.711490 90.580989
10.946621 1019.321955 93.117500
12.306907 1104.489900 89.745529
14.145610 950.874150 67.220444
13.703806 989.664585 72.218225
12.942711 979.702905 75.695340
11.686373 951.187155 81.392844
11.990464 1008.182130 84.081997
11.227152 1001.161485 89.173236
10.792555 993.927315 92.093790
10.460032 984.711240 94.140365
10.822146 1008.518820 93.190279
11.082139 1032.181170 93.139163
10.395078 982.149210 94.482136
11.017959 1054.502580 95.707615
10.967997 1013.950575 92.446284
10.946621 1019.321955 93.117500
14.713145 991.077405 67.359998
14.682619 994.035690 67.701526
14.510208 982.093500 67.682935
14.169618 958.442820 67.640694
14.145610 950.874150 67.220444
14.268199 1022.148735 71.638245
14.186838 1013.524080 71.441152
14.033263 1014.115725 72.265141
13.867291 995.797260 71.809067
13.703806 989.664585 72.218225
13.474174 1031.720145 76.570197
13.169453 1018.035240 77.302775
13.114719 996.448620 75.979411
13.051655 987.185370 75.636795
12.942711 979.702905 75.695340
13.153924 1048.487130 79.709076
13.060031 1044.604440 79.984837
12.896799 1013.405895 78.578098
11.939835 956.166390 80.082042
11.686373 951.187155 81.392844
12.538363 1040.926230 83.019312
12.526302 1049.595870 83.791356
12.469395 1034.809365 82.987937
12.288805 1021.472655 83.122214
11.990464 1008.182130 84.081997
11.730513 1026.252390 87.485720
11.482246 1010.135205 87.973660
11.462493 1023.969750 89.332202
11.356803 1005.001890 88.493380
11.227152 1001.161485 89.173236
11.325461 1065.401250 94.071337
11.262413 1020.350250 90.597840
11.029836 1009.948395 91.565132
11.014905 1001.285835 90.902808
10.792555 993.927315 92.093790
12.250443 1104.579960 90.166529
11.982851 1070.305260 89.319749
11.974138 1084.946805 90.607507
11.427076 1048.930590 91.793436
10.460032 984.711240 94.140365
11.691672 1063.405335 90.954086
11.616361 1059.180795 91.180083
11.610246 1095.597885 94.364742
11.519598 1055.125380 91.593939
10.822146 1008.518820 93.190279
11.434191 1050.874290 91.906311
11.420554 1047.706980 91.738718
11.297504 1041.146115 92.157179
11.133481 1032.254730 92.716261
11.082139 1032.181170 93.139163
11.606693 1055.489370 90.937995
11.478943 1044.993975 91.035732
11.284829 1040.906460 92.239454
11.001143 1018.092240 92.544228
10.395078 982.149210 94.482136
11.755486 1079.703630 91.846788
11.647048 1088.607540 93.466394
11.432676 1047.747555 91.644996
11.301972 1040.099175 92.028111
11.017959 1054.502580 95.707615
12.199271 1105.350030 90.607876
12.040807 1091.567340 90.655662
11.775257 1095.893445 93.067473
11.070095 1022.440665 92.360604
10.967997 1013.950575 92.446284
11.942382 1075.747215 90.078108
11.470994 1076.958165 93.885340
11.102835 1029.889440 92.759145
11.084368 1025.926785 92.556186
10.946621 1019.321955 93.117500
17.017684 1305.636000 76.722307
16.887945 1300.960110 77.034837
16.767894 1291.151610 77.001416
16.662255 1282.865895 76.992336
16.509915 1269.688005 76.904577
15.884878 1374.179985 86.508688
15.568580 1348.317435 86.605037
15.467909 1336.963725 86.434680
15.388506 1332.518025 86.591776
14.794916 1280.967345 86.581590
14.233454 1364.671275 95.877731
14.150961 1358.446965 95.996799
14.077110 1348.403805 95.786979
13.959640 1337.172210 95.788445
13.931583 1336.716270 95.948627
14.015165 1478.248830 105.474949
13.642894 1436.205195 105.271302
13.608150 1432.524285 105.269584
13.554994 1428.820380 105.409147
12.508678 1317.170055 105.300501
13.705041 1572.012225 114.703212
12.868952 1471.624155 114.354625
12.666663 1448.999460 114.394732
12.655256 1448.192055 114.434038
12.186311 1393.801425 114.374353
12.568636 1572.965940 125.150091
12.355866 1544.064750 124.966134
12.164637 1521.164685 125.048100
12.008163 1501.885320 125.072034
11.975465 1495.026300 124.840769
11.896905 1577.401860 132.589266
11.585450 1537.670610 132.724289
11.327854 1500.457950 132.457385
11.275672 1498.974075 132.938775
11.262741 1496.630640 132.883343
11.529604 1584.143955 137.397950
11.431399 1572.423345 137.553011
11.417654 1557.532530 136.414409
11.316950 1547.589465 136.749694
10.922220 1502.976750 137.607256
11.641908 1615.145445 138.735458
11.522804 1607.900070 139.540697
11.454516 1597.387725 139.454838
11.194806 1559.062740 139.266618
11.142913 1553.943150 139.455742
11.024394 1532.380800 138.999091
10.992847 1537.207500 139.837066
10.949277 1531.915200 139.910167
10.940288 1522.648140 139.178073
10.809712 1510.272270 139.714389
11.649119 1639.694970 140.756991
11.297070 1586.559390 140.439903
11.007240 1546.612320 140.508638
10.850855 1511.329335 139.282054
10.850293 1514.477235 139.579383
12.247086 1723.554135 140.731777
11.934202 1681.466970 140.894798
11.342747 1601.000505 141.147515
11.249193 1577.062920 140.193421
11.064341 1548.413460 139.946286
11.407506 1605.695355 140.757796
11.135086 1564.520490 140.503674
10.975411 1551.280095 141.341413
10.867351 1525.794375 140.401689
10.583129 1495.830060 141.341004
11.661060 1639.216170 140.571802
11.548668 1624.205280 140.640050
11.169494 1576.768905 141.167446
11.056624 1548.687510 140.068754
10.624880 1501.491720 141.318466
17.017684 1305.636000 76.722307
16.887945 1300.960110 77.034837
16.767894 1291.151610 77.001416
16.662255 1282.865895 76.992336
16.509915 1269.688005 76.904577
15.884878 1374.179985 86.508688
15.568580 1348.317435 86.605037
15.467909 1336.963725 86.434680
15.388506 1332.518025 86.591776
14.794916 1280.967345 86.581590
14.233454 1364.671275 95.877731
14.150961 1358.446965 95.996799
14.077110 1348.403805 95.786979
13.959640 1337.172210 95.788445
13.931583 1336.716270 95.948627
14.015165 1478.248830 105.474949
13.642894 1436.205195 105.271302
13.608150 1432.524285 105.269584
13.554994 1428.820380 105.409147
12.508678 1317.170055 105.300501
13.705041 1572.012225 114.703212
12.868952 1471.624155 114.354625
12.666663 1448.999460 114.394732
12.655256 1448.192055 114.434038
12.186311 1393.801425 114.374353
12.568636 1572.965940 125.150091
12.355866 1544.064750 124.966134
12.164637 1521.164685 125.048100
12.008163 1501.885320 125.072034
11.975465 1495.026300 124.840769
11.896905 1577.401860 132.589266
11.585450 1537.670610 132.724289
11.327854 1500.457950 132.457385
11.275672 1498.974075 132.938775
11.262741 1496.630640 132.883343
11.529604 1584.143955 137.397950
11.431399 1572.423345 137.553011
11.417654 1557.532530 136.414409
11.316950 1547.589465 136.749694
10.922220 1502.976750 137.607256
11.641908 1615.145445 138.735458
11.522804 1607.900070 139.540697
11.454516 1597.387725 139.454838
11.194806 1559.062740 139.266618
11.142913 1553.943150 139.455742
11.024394 1532.380800 138.999091
10.992847 1537.207500 139.837066
10.949277 1531.915200 139.910167
10.940288 1522.648140 139.178073
10.809712 1510.272270 139.714389
11.649119 1639.694970 140.756991
11.297070 1586.559390 140.439903
11.007240 1546.612320 140.508638
10.850855 1511.329335 139.282054
10.850293 1514.477235 139.579383
12.247086 1723.554135 140.731777
11.934202 1681.466970 140.894798
11.342747 1601.000505 141.147515
11.249193 1577.062920 140.193421
11.064341 1548.413460 139.946286
11.407506 1605.695355 140.757796
11.135086 1564.520490 140.503674
10.975411 1551.280095 141.341413
10.867351 1525.794375 140.401689
10.583129 1495.830060 141.341004
11.661060 1639.216170 140.571802
11.548668 1624.205280 140.640050
11.169494 1576.768905 141.167446
11.056624 1548.687510 140.068754
10.624880 1501.491720 141.318466
