15.154653 1012.221180 66.792763
15.020740 1011.295815 67.326630
14.937446 1009.690575 67.594591
14.569547 983.901210 67.531351
14.299068 968.961765 67.763981
13.829071 989.380950 71.543561
13.773910 991.521075 71.985449
13.752738 999.128430 72.649418
13.593678 973.466685 71.611721
13.265619 959.426985 72.324326
13.461516 1011.963030 75.174523
13.397465 1010.239575 75.405277
13.207709 992.541780 75.148674
12.985891 989.696280 76.213196
12.514054 949.302555 75.858916
12.959262 1027.512615 79.287897
12.799328 1027.637655 80.288407
12.502291 1010.389485 80.816346
12.254959 992.671500 81.001620
12.035106 962.241120 79.952855
12.430256 1036.971660 83.423191
11.961156 1004.618820 83.990113
11.815890 995.696070 84.267547
11.703021 983.085900 84.002744
11.500055 972.365880 84.553149
11.868217 1035.014415 87.208926
11.819375 1035.376965 87.599977
11.496272 1010.962920 87.938325
11.407408 1007.150640 88.289177
11.167081 986.790975 88.366062
11.430191 1030.212075 90.130780
11.341117 1058.888220 93.367187
11.116220 1010.765100 90.927050
10.883408 998.958660 91.787306
10.865870 996.446190 91.704227
11.430365 1045.577640 91.473691
11.213478 1033.575930 92.172647
11.177618 1025.969745 91.787866
10.955908 1014.499335 92.598380
10.796440 1003.476930 92.945166
11.760778 1076.055855 91.495294
11.718882 1057.860930 90.269784
11.663927 1061.411400 90.999487
11.644593 1054.491285 90.556305
11.103875 1022.329110 92.069578
12.474236 1114.517715 89.345571
12.101448 1088.937975 89.984109
11.690673 1061.887710 90.832046
11.442444 1055.222460 92.220024
10.692310 999.817485 93.508091
11.950112 1084.162425 90.724039
11.886946 1075.366650 90.466183
11.170558 1037.151840 92.846914
11.072789 1019.920500 92.110530
10.981686 1017.119550 92.619613
11.244288 1030.338360 91.632157
11.230224 1037.589975 92.392638
11.211746 1037.521200 92.538773
10.977899 1029.314940 93.762470
10.476598 986.863740 94.196966
11.470805 1048.141035 91.374671
11.058854 1016.220375 91.892014
11.009185 1020.890820 92.730826
10.788101 1013.442105 93.940729
10.773468 1007.307855 93.498939
11.395378 1050.172710 92.157776
11.394097 1041.051315 91.367602
11.284669 1040.809050 92.232130
11.242945 1035.414735 92.094620
11.165650 1028.704620 92.131192
15.154653 1012.221180 66.792763
15.020740 1011.295815 67.326630
14.937446 1009.690575 67.594591
14.569547 983.901210 67.531351
14.299068 968.961765 67.763981
13.829071 989.380950 71.543561
13.773910 991.521075 71.985449
13.752738 999.128430 72.649418
13.593678 973.466685 71.611721
13.265619 959.426985 72.324326
13.461516 1011.963030 75.174523
13.397465 1010.239575 75.405277
13.207709 992.541780 75.148674
12.985891 989.696280 76.213196
12.514054 949.302555 75.858916
12.959262 1027.512615 79.287897
12.799328 1027.637655 80.288407
12.502291 1010.389485 80.816346
12.254959 992.671500 81.001620
12.035106 962.241120 79.952855
12.430256 1036.971660 83.423191
11.961156 1004.618820 83.990113
11.815890 995.696070 84.267547
11.703021 983.085900 84.002744
11.500055 972.365880 84.553149
11.868217 1035.014415 87.208926
11.819375 1035.376965 87.599977
11.496272 1010.962920 87.938325
11.407408 1007.150640 88.289177
11.167081 986.790975 88.366062
11.430191 1030.212075 90.130780
11.341117 1058.888220 93.367187
11.116220 1010.765100 90.927050
10.883408 998.958660 91.787306
10.865870 996.446190 91.704227
11.430365 1045.577640 91.473691
11.213478 1033.575930 92.172647
11.177618 1025.969745 91.787866
10.955908 1014.499335 92.598380
10.796440 1003.476930 92.945166
11.760778 1076.055855 91.495294
11.718882 1057.860930 90.269784
11.663927 1061.411400 90.999487
11.644593 1054.491285 90.556305
11.103875 1022.329110 92.069578
12.474236 1114.517715 89.345571
12.101448 1088.937975 89.984109
11.690673 1061.887710 90.832046
11.442444 1055.222460 92.220024
10.692310 999.817485 93.508091
11.950112 1084.162425 90.724039
11.886946 1075.366650 90.466183
11.170558 1037.151840 92.846914
11.072789 1019.920500 92.110530
10.981686 1017.119550 92.619613
11.244288 1030.338360 91.632157
11.230224 1037.589975 92.392638
11.211746 1037.521200 92.538773
10.977899 1029.314940 93.762470
10.476598 986.863740 94.196966
11.470805 1048.141035 91.374671
11.058854 1016.220375 91.892014
11.009185 1020.890820 92.730826
10.788101 1013.442105 93.940729
10.773468 1007.307855 93.498939
11.395378 1050.172710 92.157776
11.394097 1041.051315 91.367602
11.284669 1040.809050 92.232130
11.242945 1035.414735 92.094620
11.165650 1028.704620 92.131192
15.154653 1012.221180 66.792763
15.020740 1011.295815 67.326630
14.937446 1009.690575 67.594591
14.569547 983.901210 67.531351
14.299068 968.961765 67.763981
13.829071 989.380950 71.543561
13.773910 991.521075 71.985449
13.752738 999.128430 72.649418
13.593678 973.466685 71.611721
13.265619 959.426985 72.324326
13.461516 1011.963030 75.174523
13.397465 1010.239575 75.405277
13.207709 992.541780 75.148674
12.985891 989.696280 76.213196
12.514054 949.302555 75.858916
12.959262 1027.512615 79.287897
12.799328 1027.637655 80.288407
12.502291 1010.389485 80.816346
12.254959 992.671500 81.001620
12.035106 962.241120 79.952855
12.430256 1036.971660 83.423191
11.961156 1004.618820 83.990113
11.815890 995.696070 84.267547
11.703021 983.085900 84.002744
11.500055 972.365880 84.553149
11.868217 1035.014415 87.208926
11.819375 1035.376965 87.599977
11.496272 1010.962920 87.938325
11.407408 1007.150640 88.289177
11.167081 986.790975 88.366062
11.430191 1030.212075 90.130780
11.341117 1058.888220 93.367187
11.116220 1010.765100 90.927050
10.883408 998.958660 91.787306
10.865870 996.446190 91.704227
11.430365 1045.577640 91.473691
11.213478 1033.575930 92.172647
11.177618 1025.969745 91.787866
10.955908 1014.499335 92.598380
10.796440 1003.476930 92.945166
11.760778 1076.055855 91.495294
11.718882 1057.860930 90.269784
11.663927 1061.411400 90.999487
11.644593 1054.491285 90.556305
11.103875 1022.329110 92.069578
12.474236 1114.517715 89.345571
12.101448 1088.937975 89.984109
11.690673 1061.887710 90.832046
11.442444 1055.222460 92.220024
10.692310 999.817485 93.508091
11.950112 1084.162425 90.724039
11.886946 1075.366650 90.466183
11.170558 1037.151840 92.846914
11.072789 1019.920500 92.110530
10.981686 1017.119550 92.619613
11.244288 1030.338360 91.632157
11.230224 1037.589975 92.392638
11.211746 1037.521200 92.538773
10.977899 1029.314940 93.762470
10.476598 986.863740 94.196966
11.470805 1048.141035 91.374671
11.058854 1016.220375 91.892014
11.009185 1020.890820 92.730826
10.788101 1013.442105 93.940729
10.773468 1007.307855 93.498939
11.395378 1050.172710 92.157776
11.394097 1041.051315 91.367602
11.284669 1040.809050 92.232130
11.242945 1035.414735 92.094620
11.165650 1028.704620 92.131192
