2612.768505	996.242040	1335.426720	597.787350	324.088140	284.146470
2702.858790	1016.664645	1394.497800	587.326050	336.158145	339.781530
2688.557895	996.892065	1405.620765	588.327645	331.301535	351.254400
2820.616545	997.044855	1489.607055	687.067590	363.854565	304.071540
2678.856960	996.164805	1397.392200	592.563870	350.784810	329.307090
2761.182315	1015.758360	1447.213215	589.716975	351.945705	374.969535
2739.667380	1019.040675	1432.853490	590.727210	391.399665	307.547250
2793.157350	997.213995	1503.076125	597.153180	355.677750	418.360875
2622.235440	997.323705	1335.571950	580.295505	344.555700	276.372645
2718.295275	1035.083295	1400.136795	592.146120	350.345700	321.932520
