1682.195340	540.595275	971.283210	463.814520	236.369175	176.167200
1719.924000	547.969515	995.199435	461.668935	241.090950	195.369420
1737.145035	545.059845	1021.951860	467.110275	258.121185	194.951535
1769.489025	545.063145	1053.389190	497.590830	243.663660	216.617055
1736.222265	544.981950	1020.220500	458.837130	303.328425	159.958470
1655.529600	544.298850	940.402305	464.288760	221.105610	159.391770
1716.027960	552.603105	991.352100	458.905185	274.557135	161.544675
1735.519785	545.131935	1020.633375	458.430795	246.296625	223.495485
1768.591800	540.458685	1051.396935	459.367770	308.726835	182.254995
1736.152260	543.216840	999.845430	525.161865	232.759695	144.466785
