2134.632090	743.003505	1171.102950	461.000325	299.458260	294.502920
2069.211630	739.979370	1116.565695	472.673535	308.123145	230.533080
2142.598860	740.976690	1180.701675	506.461905	299.671755	263.065260
2264.404185	748.600860	1301.948535	557.655975	301.395135	335.715600
2035.455675	738.688230	1079.848680	457.615965	287.679210	226.549020
2070.500010	737.702535	1118.362500	462.936045	297.930585	251.873040
2054.743770	740.148225	1101.032310	458.319525	314.133435	218.811855
2248.363830	737.747565	1289.713080	589.715835	316.029195	275.654640
2120.639805	752.499645	1153.285890	463.653720	302.491485	270.028170
2063.278095	738.155040	1111.180635	461.011485	328.408155	212.517270
