1679.738115	563.958795	937.516440	446.278245	226.728090	166.369995
1879.565655	566.027685	1139.057730	450.929310	268.069605	324.136740
1751.633535	567.616575	983.052000	501.515670	235.368600	152.511150
1681.244670	566.016105	938.540955	438.650175	248.969340	152.538135
1757.570295	567.394800	1014.787440	479.825055	257.396580	184.133265
1686.001455	563.139765	947.114385	457.467810	225.504975	170.292765
1702.810950	564.642120	965.533515	446.985930	255.948750	169.194840
1793.985885	568.212405	1023.006765	504.500295	263.139525	161.053575
1706.690850	565.596240	940.411410	492.334605	217.654545	138.905475
1659.968745	565.097385	919.352340	443.422980	235.888965	143.268690
