6240.519075	2450.903070	3073.389195	1314.746265	741.057585	750.029385
6537.742875	2451.037140	3266.723190	1453.073745	738.721500	810.732870
6340.486800	2453.726340	3180.156090	1328.936475	769.426680	821.891055
6383.325060	2579.533995	3113.441355	1360.698405	734.139240	747.689355
6414.570375	2630.202000	3099.559410	1290.123735	758.427810	783.097995
6093.165630	2452.073400	2945.296590	1278.881700	746.985900	657.556545
6245.220735	2453.697675	3080.879220	1327.361490	747.071730	735.539955
6055.590900	2453.819520	2913.329100	1300.633005	700.745550	643.246140
6208.385385	2451.932280	3051.638115	1297.170945	755.329800	723.111765
6281.144565	2451.186870	3129.493035	1295.434575	755.091555	816.850920
