1799.880795	635.014005	975.655290	444.768615	242.864820	188.981580
1799.295675	630.481815	987.763215	441.325830	253.192290	187.951305
1812.888180	624.668295	995.449395	437.990715	278.753790	180.097350
1792.395405	634.001805	966.510870	441.929730	254.382105	167.826450
1864.469595	641.553915	1037.380335	453.483810	257.602605	232.228515
1940.638365	622.523040	1123.331715	522.472350	286.620210	208.129230
1796.249355	628.596120	980.370135	443.522025	244.395345	188.870130
1868.841510	627.661515	1058.650290	443.782500	253.921755	260.092095
1769.722560	630.558150	948.022905	437.836830	252.084495	156.428895
1828.756950	623.469600	1016.823165	442.262715	281.446260	195.655620
