1724.174340	516.566685	1040.066760	487.321320	245.862420	205.542975
1788.848685	518.806740	1076.653815	544.971240	260.377695	173.223855
1642.956165	522.716955	948.138450	495.162090	221.691090	129.406425
1679.983485	522.726690	987.158445	489.526890	234.673650	159.196515
1677.828300	526.838625	982.861140	493.143750	218.776455	169.502655
1786.967160	527.261475	1086.678765	491.648700	285.553215	203.131305
1701.718560	533.767200	1000.252560	490.351335	247.078110	160.190940
1742.890935	526.844535	1045.938195	492.739920	247.271940	203.219760
1720.878330	523.978350	1027.464825	499.587750	230.738700	191.826330
1669.908990	525.395100	974.402160	493.637505	222.178980	158.432025
