4519.263810	1734.042705	2291.204370	968.302185	515.852160	603.485745
4494.994200	1732.734090	2269.862595	954.387030	505.879290	611.725935
4610.428260	1732.727250	2378.263125	950.158245	608.377200	613.070205
4533.171960	1731.446085	2287.707510	946.084590	624.431010	521.672760
4547.780460	1787.232885	2265.805965	960.103635	597.232665	503.598645
4863.449310	1733.670330	2563.133670	1090.331760	538.703055	727.518750
4605.303495	1731.437865	2383.238475	957.779445	536.211240	679.509735
4690.113750	1804.645875	2383.161375	948.537480	575.758125	654.020640
4508.056875	1729.397190	2284.222650	965.387220	530.825265	584.700750
4393.693500	1731.032070	2163.765630	959.012100	551.037780	454.096665
