3501.507795	1351.539480	1769.254020	765.972300	447.141585	396.929490
3503.845725	1330.930275	1783.417080	744.086955	466.830840	410.677620
3458.069685	1333.167945	1744.412040	763.142310	444.172140	373.410540
3491.854800	1330.131435	1778.027460	753.772845	440.291280	415.646460
3574.858395	1332.912720	1849.586475	751.824825	502.515255	428.682435
3665.292660	1330.170495	1898.444685	884.686305	450.125580	404.041935
3555.667740	1332.316965	1824.541800	754.875150	444.219750	456.828000
3570.509715	1332.073860	1842.232950	747.303510	433.584375	501.095265
3611.473770	1343.566695	1885.644150	767.831010	453.848085	501.108360
3566.733540	1401.121425	1789.783770	765.132315	420.548490	440.178735
