1778.265015	601.376565	995.710200	439.831755	250.148730	210.060645
1754.694330	589.413345	985.240260	439.148145	256.969380	191.897190
1900.241940	596.510535	1093.161960	529.428555	231.352560	234.591750
1791.149925	588.878130	1024.243770	453.069585	254.769600	220.232070
1771.792485	589.820910	998.815005	439.333980	269.473545	196.805640
1792.955220	600.059670	1013.362830	442.251855	264.036330	206.811480
1749.191595	596.024100	970.652145	437.965020	261.616815	168.897285
1751.603475	593.814285	973.753395	437.626635	255.206910	181.223220
1736.454330	589.097580	966.482805	442.975080	254.065995	176.125200
1805.976240	587.929260	1037.982240	438.973995	300.351105	199.861800
