1945.856715	704.888670	1036.675140	448.644870	276.261990	209.461050
2087.535795	705.170640	1167.630930	448.178250	359.917440	252.295215
2432.029965	723.135930	1499.061330	759.852300	318.573360	301.368525
1949.159715	716.252760	1026.995550	448.911765	271.830690	199.477815
2008.622355	706.219575	1093.039695	446.316300	314.131275	226.263600
1951.143435	704.904240	1038.311355	450.586710	269.249535	215.479425
1895.448210	708.968715	979.795425	460.536540	252.498015	165.111450
2096.007735	704.712465	1177.388940	530.293950	278.749620	252.565500
1974.827775	705.264720	1062.559245	450.031935	260.925540	239.272200
2014.119960	703.584225	1104.950325	486.991335	279.005760	230.938620
