6114.453750	2448.200295	2967.600780	1343.469105	751.050165	604.170525
6226.576425	2455.164405	3085.761360	1317.963195	708.110250	793.763490
6290.421600	2449.629150	3143.204220	1294.924605	862.238790	715.644870
6457.746105	2483.652660	3262.942305	1306.822905	744.847890	936.902460
6314.967300	2456.148840	3156.108420	1316.278755	701.350350	873.170805
6443.650320	2518.969635	3227.078280	1309.901175	787.843005	860.700705
6523.767240	2451.618075	3363.992505	1333.246995	743.971170	1020.516690
6260.686965	2449.562385	3106.590690	1271.083125	765.517845	804.895290
6447.026610	2451.684720	3181.932465	1493.731245	716.056680	698.947305
6212.612955	2451.882105	3062.251215	1298.423340	706.090215	788.819220
