1759.301325	540.710535	1047.572025	477.578610	263.529585	208.419750
1704.701910	536.099640	997.439085	477.065340	243.425265	175.878105
1671.495225	533.579715	967.667835	475.220430	238.385310	153.262605
1693.361475	533.990385	991.306020	474.545100	236.722860	181.535955
1638.397410	534.529800	936.411480	473.872095	224.899425	144.061860
1704.046710	533.184705	1002.024780	482.341545	220.692135	198.913140
1638.343080	532.446015	936.481200	480.235095	217.116705	138.989880
1740.896040	535.377780	1034.923935	482.783700	285.228720	171.011355
1748.080605	534.049995	1043.590860	474.709485	255.139215	214.711815
1711.370895	536.252385	1002.927525	479.554710	246.215040	175.376010
