1880.650770	659.818125	1026.600240	455.962305	262.347135	205.999575
1871.382705	645.848160	1034.804775	441.234795	253.053315	244.539825
1934.939760	648.657480	1089.526095	486.421815	271.812375	222.746535
1891.867575	647.789955	1048.818615	438.489960	284.161185	225.487890
1825.064250	647.866155	986.009220	450.062145	263.791485	169.528410
1914.760575	646.436070	1074.727965	440.050080	345.300180	187.962450
1924.735860	645.306855	1085.530590	437.845470	363.153375	185.257980
1904.624595	646.056840	1065.456855	443.922135	301.130415	222.200325
1982.273250	658.932720	1131.109365	538.461450	279.428940	210.089190
1863.062070	653.413515	1016.676900	438.320910	292.448820	184.547895
