1824.560775	558.885945	1087.668555	449.863485	386.533590	154.528080
1761.552645	558.310755	1028.899185	451.034580	235.371540	245.708970
1798.916010	563.564970	1061.499345	452.503980	271.417950	241.278780
1641.285795	557.403450	912.777795	445.091460	223.263495	151.683135
1692.503025	557.960985	959.864760	451.017240	252.910605	159.343950
1707.457575	556.922355	983.394645	452.649330	234.707460	204.686460
1707.753555	569.093445	967.809480	459.426105	251.185320	161.183010
1673.782725	557.166030	941.259690	455.843895	235.759920	151.904160
1787.229270	556.668405	1053.464850	446.680770	263.430435	245.177715
1706.726910	560.271900	976.106085	447.207390	216.757185	217.286655
