2365.594785	857.420775	1263.122295	524.837970	291.904695	328.982535
2453.854890	857.078955	1347.000225	613.483665	310.843215	301.909050
2341.785135	858.405870	1235.570910	522.112335	307.411665	282.450300
2334.016440	865.925385	1215.539430	523.923795	312.011370	259.468905
2430.032415	894.290475	1289.123070	534.036705	321.158055	309.056655
2422.834860	856.241640	1320.453195	524.580765	302.361285	366.901665
2353.894365	858.459735	1246.533720	525.296190	325.001085	276.161595
2290.218210	857.392365	1190.503425	519.525315	292.330170	256.417665
2451.436230	858.414015	1302.209610	591.126075	295.703670	287.042115
2311.740165	856.632525	1202.810115	518.678250	324.628425	240.292725
