6469.18 2585.24 3181.36 1304.09 782.982 827.159
6443.96 2582.12 3153.11 1310.87 740.198 832.111
4653.48 1807.64 2341.95 995.391 562.457 580.716
3674.13 1387.83 1900.38 806.358 458.835 465.634
2708.37 1031.42 1378.63 604.56 344.887 296.082
2368.07 881.928 1236.58 525.089 318.845 272.699
2132.74 757.599 1147.27 497.859 294.495 245.976
2068.71 719.878 1140.14 467.018 313.189 253.189
1894.92 655.949 1046.81 441.414 281.624 224.612
1835.65 633.025 1015.2 448.668 260.592 204.95
1770.78 592.523 999.744 453.097 264.922 183.729
1722.93 563.336 986.375 443.82 246.362 199.739
1683.55 553.16 959.151 448.519 237.832 175.828
1714.51 539.795 995.453 481.344 239.193 176.476
1694.35 522.898 1000.23 484.21 240.395 175.682
1736.75 517.773 1044.89 515.578 253.393 173.825
