1767.281835	591.525510	997.127415	434.809740	271.730040	191.050770
1809.295680	594.517170	1038.168300	457.213635	239.073750	243.141420
1776.720285	594.528285	1004.906730	439.669635	294.049110	173.602905
1892.493795	591.494475	1122.229470	538.517820	275.392770	202.106775
1730.806845	591.396120	960.790530	438.215730	260.036580	166.986705
1736.011245	592.026000	963.047280	437.239860	253.847640	178.961040
1746.585315	591.753315	975.267630	437.357775	271.703460	164.955990
1755.842850	592.904145	982.577625	440.355300	260.498505	188.316675
1729.010160	592.561080	960.029745	437.895360	261.708900	164.944275
1763.715105	592.520370	993.295080	469.699530	261.179685	163.222140
