1690.513905	521.224335	1002.116925	480.128340	234.822780	188.037045
1698.089310	522.278700	1009.731990	480.467295	228.982635	200.038455
1715.688690	522.689880	996.911100	542.185335	220.792080	126.025800
1700.835945	522.490305	1007.231985	473.443770	252.078900	182.424315
1664.743050	524.951535	969.570510	473.387415	249.817140	145.159455
1694.798550	525.937335	1000.474230	473.943195	229.405065	199.905915
1722.300735	521.606265	1035.008130	475.191060	241.511940	218.688900
1696.517910	523.936065	1003.104465	473.540985	265.562865	170.330940
1651.082760	522.198240	961.108680	491.292960	227.663130	141.703875
1708.975200	521.668665	1016.999775	478.524630	253.312695	184.501650
