6325.794225	2546.204415	3087.503325	1273.594695	747.757035	807.149940
6557.097765	2596.163325	3255.775785	1400.466540	778.776300	805.249905
6461.527920	2587.061265	3177.067680	1294.510380	751.013865	866.016045
6220.333155	2581.413135	2953.407600	1282.731510	752.469675	652.418745
6952.154715	2587.391955	3667.692090	1297.800300	772.198860	1323.448785
6380.810355	2589.681150	3085.530195	1282.662420	753.457890	784.360215
6267.960825	2594.861715	2972.110245	1318.316235	695.625660	695.105025
6603.585255	2587.744245	3303.222750	1283.837100	983.885265	769.311210
6652.618890	2589.390510	3340.953660	1305.406200	856.652625	910.100805
6269.953800	2592.440805	2970.357675	1301.564760	737.987145	658.434210
