1744.822785	550.156110	1028.476605	486.411225	251.693835	191.702880
1730.978850	508.102695	1054.377090	493.462440	308.453805	154.206435
1842.759630	512.182455	1136.321475	547.396095	238.316415	245.887260
1650.365220	510.005895	972.546795	500.220150	221.732565	147.645120
1784.435235	511.157160	1102.985940	542.173500	244.228515	210.541500
1744.542615	514.291440	1033.207710	550.966275	233.848440	144.406380
1726.890900	525.917670	1030.338825	493.341555	271.096860	167.603985
1679.884365	514.229595	996.811005	490.995420	246.858270	156.066135
1751.631795	515.110710	1070.252670	557.830155	228.447750	181.243605
1711.176690	516.577935	1023.630495	492.985815	289.255245	138.950340
