2665.376205	1031.810835	1344.548445	580.521555	350.584005	282.673335
2664.016155	1031.450700	1326.385815	584.998560	332.271735	272.971920
2666.436030	1029.472770	1338.309045	590.044740	323.328510	295.291710
2736.873075	1030.909485	1419.549765	609.495780	383.858535	293.106975
2681.515950	1032.106605	1363.138185	588.606570	337.373235	303.132480
2674.455765	1031.250510	1358.354820	587.726175	356.250225	278.768220
2723.800005	1031.397285	1391.297430	585.485055	357.574950	313.080345
2675.629620	1030.328670	1357.418190	586.762125	324.674655	314.800770
2861.883885	1028.968455	1497.442995	738.171375	321.023550	303.959070
2733.687495	1036.465275	1389.896835	593.785665	361.933155	303.039060
