4172.102385	1388.684295	2405.582205	1279.048590	477.116460	448.210050
3607.698840	1388.192385	1841.773185	774.307680	452.566680	447.509100
3612.783375	1387.128465	1842.827520	750.978660	422.255160	504.060660
3550.624065	1389.697080	1759.920570	755.659080	446.191755	391.518615
3585.885600	1386.954420	1813.190535	753.837300	475.833435	422.705640
3590.104530	1389.380355	1812.704190	745.103505	439.733115	463.920420
3619.783200	1385.960280	1847.218155	756.928470	457.832130	468.137865
3797.543820	1384.996665	2024.951160	749.129415	458.399070	650.998710
3621.336600	1387.622250	1842.781905	750.349545	532.401375	389.774250
3583.471725	1389.672780	1812.802470	748.239090	426.024465	469.504965
