4557.252555	1772.048970	2294.567400	951.520305	566.323455	580.227390
4620.958515	1816.371855	2307.455790	1004.648595	559.481910	540.379500
4672.061550	1815.468300	2358.548370	973.865970	603.957840	577.675440
4576.951815	1815.138750	2278.931235	969.952020	559.652160	545.898210
4791.236460	1813.974495	2470.269285	938.931690	565.860375	760.093950
4605.070545	1815.597450	2300.383980	955.068345	573.143370	574.867575
4756.507680	1812.670890	2355.678930	1086.589620	552.661020	511.605465
4703.715405	1793.828685	2415.920280	1057.986615	543.777120	606.067560
4606.002030	1803.712365	2305.535640	1034.269725	558.084675	510.937335
4645.090260	1817.591685	2332.222980	981.072510	541.628235	599.409105
