1635.023850	552.264555	909.659535	448.698825	218.809575	147.233235
1737.206100	553.225725	1013.854890	446.608995	260.442615	211.456500
1667.081730	553.290630	943.754430	456.315975	236.857725	155.611050
1727.284710	554.630700	1002.933180	452.754750	229.612455	219.518130
1654.427850	554.167335	925.261650	445.829220	239.492130	139.944465
1746.465480	554.996670	1017.201930	444.057300	265.392420	212.631255
1662.999495	552.921870	937.848570	442.804080	229.470495	172.705395
1624.778985	552.015405	903.507780	446.482215	199.601820	157.949070
1686.032610	552.010050	963.661440	456.187035	228.679650	183.747660
1694.246280	552.075660	973.822395	445.453725	269.958150	157.480485
