1804.035360	631.710975	982.405155	434.549265	256.444530	191.809245
1850.574900	633.543450	1031.655750	436.138380	270.342600	227.064315
1797.569925	633.450720	980.787015	442.927935	238.894230	199.335030
1760.015730	633.763560	937.502895	442.048020	238.886325	157.269345
1759.737885	633.191490	944.760705	435.008925	241.679745	167.442660
1856.692350	633.691905	1035.355980	434.502570	283.489920	215.632620
1899.975135	631.800900	1074.582270	436.219080	323.110620	213.862095
1805.137050	633.816600	979.661865	433.990185	252.212655	193.496040
1966.132170	631.026060	1149.296445	553.707570	251.108115	237.676065
1856.656020	634.256790	1036.020465	437.592705	249.748635	245.916750
