6386.032770	2594.703435	3083.285835	1269.845010	730.638510	810.190635
6469.757355	2555.171265	3208.974810	1300.209480	806.480325	832.020255
6494.025060	2580.500895	3119.136960	1444.346385	703.380945	703.592280
6396.220410	2588.166885	3102.132195	1320.217770	715.136880	798.452250
6279.272340	2548.837350	3043.099920	1297.866135	691.841100	778.301280
6991.336875	2590.696800	3694.792485	1291.238505	782.302125	1346.567040
6273.601560	2590.859985	3005.736465	1295.001915	742.639530	702.840900
6310.148565	2590.499535	3008.522850	1292.532015	731.751735	719.269560
6497.380110	2587.469790	3216.068670	1291.502985	746.695425	915.070005
6341.796420	2594.340660	3049.373775	1305.906945	751.115700	714.807315
