2070.188610	719.979975	1144.152030	458.066010	274.301865	305.640060
2101.980060	719.397000	1174.866855	451.813830	383.091570	234.834405
2040.867420	720.065310	1112.680035	466.174755	279.219540	257.453100
2066.975580	718.645380	1145.526690	457.061130	341.521200	244.973610
2086.755735	720.479325	1152.971715	498.820275	300.363630	249.924900
2001.632715	721.296000	1072.203885	445.867515	264.675090	254.514765
2052.214935	719.281260	1123.535670	448.068045	356.945085	212.006925
2062.646625	719.302695	1139.038260	450.793020	303.129390	279.980205
2027.142630	719.870715	1093.217730	454.878585	329.799945	203.709255
2176.722255	720.467040	1243.205490	538.633455	298.842435	288.857175
