1702.473960	563.440995	961.229220	446.337315	251.450250	166.446375
1778.418150	562.663830	1042.297860	441.554775	245.796675	258.546645
1687.032540	562.574340	954.247560	442.725870	236.404950	179.463030
1765.623735	566.073105	1028.891175	443.735745	222.666390	263.651445
1759.686420	563.465205	1023.943080	441.969405	232.248450	251.671005
1735.410765	562.667265	1002.182925	444.197940	261.976755	203.920410
1662.933915	563.428740	928.343610	442.972350	221.517885	169.984455
1751.176590	563.681700	1015.999590	447.859575	295.499985	175.583535
1704.431595	562.894770	966.162840	443.358900	264.527115	160.591725
1682.096040	562.468620	940.455990	443.486100	231.526710	167.536140
