1673.038530	535.217655	968.960100	461.784195	255.983100	156.079665
1664.564205	537.418455	956.540730	456.929145	235.752870	159.699540
1693.800765	535.462620	988.204695	459.250530	249.741120	182.640975
1663.908915	534.345360	960.829605	461.754375	217.676580	181.491105
1720.188105	535.700610	992.610900	514.899720	235.180425	142.722675
1671.477135	537.588270	965.505420	458.353470	233.798970	177.057945
1946.897445	557.796720	1138.241265	617.631645	245.134560	175.261140
1727.828415	541.492020	1019.821890	459.814455	238.018560	226.945905
1696.280655	534.712875	992.347725	463.606200	249.208020	179.443470
1687.088640	548.210970	971.471655	459.416625	231.434910	183.420210
