2339.718360	882.277875	1209.113610	520.376175	325.874895	243.874065
2389.286040	881.094750	1261.983075	556.727400	302.338980	279.852975
2340.921840	880.252545	1206.271245	517.864395	312.597060	260.038200
2339.359230	881.301180	1213.707420	523.986165	302.207955	272.208825
2318.174910	882.281265	1185.265635	520.566135	304.536960	237.813675
2443.913910	881.996595	1315.189800	525.565230	412.652280	258.625515
2376.858195	881.898885	1240.781595	517.667115	301.243920	301.718160
2379.642090	881.595240	1247.728140	526.081500	324.965580	271.504950
2348.231160	882.990075	1211.052390	523.806375	312.088230	258.361455
2404.573665	883.591635	1274.751285	518.247870	289.939680	342.989025
