1859.641515	654.818310	1011.800745	441.439815	274.685010	197.756220
1928.308605	654.512850	1080.134325	438.192795	333.152610	208.150755
1878.412710	656.955435	1028.288190	441.775950	262.585035	221.719875
1923.545865	655.276680	1076.563650	445.831950	269.046045	259.657950
1945.035780	657.387660	1097.071155	437.384310	286.837755	276.196290
1852.461540	657.634800	1001.869110	442.471425	273.217095	189.258435
1887.241695	654.791625	1040.531535	441.956970	258.928575	240.853185
1909.616145	653.741970	1059.995085	440.328360	313.829505	208.574880
1878.954525	656.997300	1030.324365	439.029210	281.617740	211.849080
1885.983405	657.374610	1041.571515	445.730895	262.342395	232.100910
