2182.710630	758.097270	1210.083570	457.473855	344.834610	296.259030
2047.577415	758.405715	1077.818250	465.063570	272.983170	232.909770
2096.441010	756.739950	1126.459005	461.432115	292.006545	262.279080
2145.188055	757.347285	1137.476400	531.519450	283.163445	212.510625
2319.335160	757.519965	1281.850440	593.418300	298.202655	278.707185
2176.766850	757.512570	1172.845245	521.452395	285.433320	258.777330
2058.704565	756.433710	1086.347910	461.504460	300.226785	219.367680
2160.825015	758.145300	1179.594645	495.661695	307.893420	268.385490
2090.441085	757.644795	1124.500635	531.033255	267.954285	215.943150
2049.413010	758.148435	1075.708980	460.035525	292.248645	214.624080
