1	6.25%	403.234	360.397	97.5189	66.5732	38.9892	157.509
2	12.5%	407.314	363.955	97.0063	66.3376	42.8573	158.054
3	18.75%	295.626	255.625	69.3121	45.2517	27.2809	113.999
4	25%	238.477	200.339	53.0648	32.6468	20.7774	93.4244
5	31.25%	176.419	146.567	38.6015	22.6507	15.0213	69.7377
6	37.5%	131.838	106.458	32.2645	18.6049	13.2777	42.1145
7	43.75%	109.3	86.5878	27.8879	15.5334	10.9039	32.1204
8	50%	104.757	83.1501	25.8295	14.115	9.77507	33.308
9	56.25%	94.0037	74.0371	22.6888	12.0064	8.32127	30.9656
10	62.5%	91.746	72.4266	21.3405	11.1969	7.89171	31.8768
11	68.75%	85.1679	66.6072	19.3194	9.84463	6.94312	30.4768
12	75%	80.6929	62.7605	17.5272	8.75306	6.18385	30.2584
13	81.25%	76.9118	59.3926	16.6521	8.25869	6.01439	28.4446
14	87.5%	73.622	56.2644	15.5841	7.52692	5.46267	27.6887
15	93.75%	69.7417	52.7297	14.3446	6.85688	4.96627	26.5023
16	100%	67.2373	50.5264	13.3277	6.31681	4.56039	26.19
