1	6.25%	18385.1	16243.7	3572.84	2943.75	1699.63	8027.46
2	12.5%	18545.4	16384.3	3549	2922.5	1814.69	8098.07
3	18.75%	14269.4	12169.6	2546.89	2072.56	1233.9	6316.29
4	25%	12133.9	10049.1	1966.66	1575.1	966.583	5540.75
5	31.25%	9683.35	7936.08	1454.62	1191.64	759.42	4530.4
6	37.5%	8439.79	6880.05	1236.45	1026.25	673.206	3944.15
7	43.75%	7537.83	6092.87	1076.75	892.718	572.117	3551.29
8	50%	7565.32	6104.57	1027.63	863.575	551.139	3662.22
9	56.25%	7403.23	5885.68	958.051	834.414	526.434	3566.78
10	62.5%	7476.13	5917.19	928.108	829.606	527.151	3632.33
11	68.75%	7516.29	5839.01	890.111	828.084	524.437	3596.38
12	75%	7670.11	5854.5	861.527	834.432	527.354	3631.19
13	81.25%	7779.62	5886.35	851.875	841.873	532.899	3659.7
14	87.5%	8355.35	6250.01	860.886	873.242	547.943	3967.94
15	93.75%	8922.43	6596.81	854.645	909.526	570.746	4261.89
16	100%	9571.92	7035.55	858.513	937.338	596.664	4643.04
