2700000 1 76.625 4122.45 53.8016
2700000 2 54.0846 3158.19 58.4038
2700000 4 37.6493 2383.51 63.3129
2700000 8 28.0775 1933.04 68.8601
2700000 16 22.8532 1758.03 76.9212

2400000 1 85.4681 4217.18 49.3429
2400000 2 60.6465 3224.99 53.1792
2400000 4 42.2972 2404.4 56.8448
2400000 8 30.6916 1886.22 61.4584
2400000 16 24.7356 1665.31 67.3268

2100000 1 95.841 4402.48 45.9359
2100000 2 67.9031 3292.72 48.4935
2100000 4 47.4262 2421.55 51.0594
2100000 8 34.9195 1915.43 54.8544
2100000 16 28.9193 1700.48 58.7963

1800000 1 111.185 4725.12 42.4996
1800000 2 80.8801 3584.8 44.3252
1800000 4 54.7647 2542.29 46.426
1800000 8 41.037 2021.88 49.2699
1800000 16 32.7083 1709.29 52.2661

1500000 1 132.274 5235.16 39.5784
1500000 2 96.589 3922.97 40.6152
1500000 4 65.7201 2784.78 42.3736
1500000 8 48.8193 2171.72 44.4847
1500000 16 39.4631 1848.92 46.8483

1200000 1 161.973 5976.98 36.9022
1200000 2 115.545 4349.71 37.6453
1200000 4 80.3035 3109.15 38.7184
1200000 8 60.7822 2444.81 40.2256
1200000 16 48.1574 2020.77 41.9637

