2700000 1 76.8879
2700000 2 53.6993
2700000 4 37.4465
2700000 8 27.6698
2700000 16 22.2544

2400000 1 75.5307
2400000 2 53.6411
2400000 4 37.1946
2400000 8 27.6815
2400000 16 22.3176

2100000 1 76.0759
2100000 2 53.2078
2100000 4 37.8636
2100000 8 28.0304
2100000 16 22.2263

1800000 1 76.4725
1800000 2 53.6615
1800000 4 37.964
1800000 8 27.8811
1800000 16 22.7521

1500000 1 76.2326
1500000 2 53.9466
1500000 4 38.2657
1500000 8 28.0487
1500000 16 21.9911

1200000 1 77.1528
1200000 2 53.4291
1200000 4 37.3709
1200000 8 27.9945
1200000 16 22.1246
