16.096453 1166.423760 72.464644
15.678517 1121.062350 71.503087
15.432705 1132.056030 73.354351
15.195182 1110.222585 73.064121
14.649166 1046.198100 71.416904
14.339456 1122.860175 78.305632
14.178433 1139.852265 80.393386
13.644337 1114.538430 81.685057
13.636072 1105.595025 81.078705
13.421155 1095.880230 81.653201
13.006698 1139.074560 87.575996
12.703514 1099.398315 86.542849
12.646765 1100.511465 87.019207
12.593969 1094.872785 86.936279
12.404695 1088.316720 87.734258
17.368992 1638.574965 94.339096
13.422649 1231.706685 91.763307
13.112343 1195.524900 91.175538
12.567086 1162.365945 92.492875
12.300144 1121.888655 91.209394
12.228471 1184.326035 96.849883
11.903381 1154.949645 97.027024
11.869115 1139.047620 95.967359
11.503164 1119.456120 97.317231
11.462909 1118.654520 97.589062
15.539934 1550.559675 99.779036
15.040718 1514.350170 100.683367
12.415766 1233.684075 99.364311
11.519416 1150.287900 99.856445
11.339906 1147.690185 101.208083
11.998825 1258.599555 104.893569
11.867038 1213.566390 102.263634
11.644100 1202.376525 103.260582
11.218837 1160.143560 103.410326
11.144151 1166.873820 104.707290
12.775697 1352.091660 105.833101
12.651722 1397.843130 110.486392
12.399281 1323.475080 106.738051
12.171093 1253.606385 102.998666
11.049092 1165.283565 105.464196
11.908695 1253.175000 105.231931
11.312120 1189.189335 105.125244
11.222090 1186.777740 105.753720
11.048982 1162.869045 105.246711
10.960677 1167.364800 106.504807
14.540286 1566.694590 107.748541
12.978867 1397.794845 107.697758
12.689892 1337.737140 105.417538
12.570397 1320.786525 105.071188
11.342018 1197.193020 105.553795
12.496038 1326.349395 106.141595
12.234331 1274.104725 104.141753
11.697326 1262.304870 107.913967
11.347636 1193.388075 105.166224
11.170299 1194.341640 106.921190
11.943950 1245.680070 104.293815
11.912407 1253.094045 105.192349
11.823357 1284.217725 108.617015
11.238911 1187.417580 105.652372
11.133584 1165.745775 104.705349
13.316110 1441.739340 108.270313
12.608272 1341.954270 106.434430
11.698945 1231.204140 105.240610
11.205696 1185.127380 105.761160
10.932300 1157.199435 105.851413
12.543607 1344.225075 107.164153
12.375341 1309.327020 105.801286
12.371720 1318.269255 106.555051
11.201167 1191.252150 106.350718
10.755363 1135.253010 105.552277
