40 14.7963 997.214 67.4019	40 16.8078 1288.62 76.6657	40 15.4104 1115.19 72.3606
45 13.643 982.585 72.0229	45 15.6456 1346.49 86.0617	45 13.8439 1115.75 80.6232
50 13.1133 990.749 75.5601	50 14.3593 1368.92 95.334	50 12.6711 1104.43 87.1617
55 12.5102 1004.09 80.2694	55 13.5255 1417.24 104.785	55 13.7542 1270.01 92.196
60 11.8821 998.548 84.0473	60 12.6199 1443.9 114.414	60 11.7934 1143.29 96.9501
65 11.5517 1015.06 87.8805	65 12.4326 1552.29 124.853	65 13.1711 1319.31 100.178
70 11.1274 1019.05 91.5833	70 11.2914 1490.66 132.015	70 11.5746 1200.31 103.707
75 11.1148 1024.62 92.1955	75 11.2285 1512.33 134.688	75 12.2094 1298.46 106.304
80 11.5784 1054.43 91.0781	80 12.03 1629.22 135.434	80 11.2905 1191.88 105.572
85 11.6802 1064.08 91.178	85 11.3915 1541.92 135.367	85 12.8243 1364.04 106.298
90 11.4124 1046.74 91.7535	90 11.1973 1517.8 135.553	90 11.7891 1250.1 106.057
95 11.0282 1024.33 92.9046	95 11.986 1622.72 135.392	95 11.6104 1227.23 105.692
100 11.0201 1021.2 92.6874	100 11.3788 1542.41 135.551	100 11.9523 1271.44 106.312
NoCap 11.2965 1039.23 91.9967	0 11.4455 1551.19 135.523	0 11.8494 1259.67 106.285
