17.236730 1323.032130 76.756561
17.160251 1316.750625 76.732595
17.028233 1306.152060 76.705083
16.724395 1280.945835 76.591460
15.889604 1216.236375 76.542902
16.443560 1414.970265 86.050115
15.938270 1372.868355 86.136600
15.737015 1353.444045 86.003859
15.408542 1326.274170 86.073956
14.700657 1264.905345 86.044136
14.719836 1401.467955 95.209481
14.440699 1378.084035 95.430562
14.346918 1367.526090 95.318455
14.207140 1353.401085 95.262039
14.081929 1344.115140 95.449647
13.973036 1464.125325 104.782190
13.956175 1459.844415 104.602044
13.403034 1402.549620 104.644189
13.288498 1395.868050 105.043328
13.006626 1363.801605 104.854374
12.933379 1480.054590 114.436805
12.823841 1469.468295 114.588777
12.524137 1432.505100 114.379546
12.497914 1428.649215 114.311011
12.320267 1408.846395 114.351941
12.883444 1608.321135 124.836273
12.763232 1594.934685 124.963234
12.616914 1576.297995 124.935301
12.183062 1520.652300 124.816924
11.716524 1461.220695 124.714520
11.839956 1561.602525 131.892595
11.525701 1523.215485 132.158165
11.281451 1490.608725 132.129168
11.209097 1481.067570 132.130859
10.600741 1396.781085 131.762585
11.355350 1529.752545 134.716463
11.343705 1526.283855 134.548975
11.263116 1514.448525 134.460877
11.158839 1505.553015 134.920218
11.021411 1485.609765 134.793061
12.317019 1666.225410 135.278301
12.168865 1644.610440 135.149041
12.129933 1642.791795 135.432884
12.046866 1632.179640 135.485833
11.487390 1560.289410 135.826281
12.398580 1674.102765 135.023748
11.433895 1546.840095 135.285488
11.360459 1537.978575 135.379962
11.078208 1501.213620 135.510510
10.686605 1449.489360 135.636094
11.402416 1544.290020 135.435337
11.361025 1541.763000 135.706328
11.327644 1533.494250 135.376278
11.179695 1515.494295 135.557745
10.715583 1453.973940 135.687803
12.840036 1738.581690 135.403181
12.563615 1698.319830 135.177637
12.307851 1666.077585 135.367053
11.417104 1544.098635 135.244336
10.801638 1466.517360 135.768048
12.017299 1626.659925 135.359864
11.643703 1580.672910 135.753455
11.424660 1550.734185 135.735700
11.211390 1517.913420 135.390302
10.596862 1436.060430 135.517522
11.835436 1604.632590 135.578664
11.816432 1605.898080 135.903811
11.563762 1565.675475 135.394993
11.019474 1493.186505 135.504337
10.992555 1486.563105 135.233629
