1200000 46.9637 19.0807 22.4417 7.28409 7.12748 5.49149
1300000 43.7965 17.9283 20.8089 7.08091 6.22047 5.10273
1400000 41.2652 16.7928 19.5374 6.61699 6.16225 4.53133
1500000 37.8079 15.6504 17.8952 5.96452 5.33203 4.53667
1600000 36.543 14.6787 17.6725 6.17647 5.21584 4.29458
1700000 33.4715 13.77 15.8787 5.1809 4.96552 3.84135
1800000 32.0917 13.2444 15.273 4.93657 4.73511 3.82575
1900000 30.692 12.4756 14.7911 4.78229 4.77683 3.54236
2100000 28.3594 11.4441 13.7539 4.32949 4.33235 3.55046
2200000 26.4675 10.9485 12.5043 4.09433 3.99007 2.94669
2300000 25.6249 10.6096 12.1448 3.89001 3.96315 2.88692
2400000 24.4151 10.2059 11.4508 3.7337 3.68141 2.66718
2500000 23.6818 9.89736 11.1284 3.60308 3.5092 2.6916
2600000 22.6511 9.52361 10.5331 3.51729 3.26258 2.48197
2700000 22.3789 9.17809 10.6519 3.46339 3.43982 2.52589
