1200000 1977.04 717.416 1041.8 420.914 291.84 213.451
1300000 1911.57 688.83 1012.79 432.403 262.574 203.632
1400000 1869.21 661.725 996.607 429.247 270.316 186.508
1500000 1775.93 634.123 952.807 411.065 242.455 192.136
1600000 1780.71 611.329 977.728 436.947 244.234 188.782
1700000 1696.03 591.007 923.917 400.889 243.793 172.473
1800000 1687.35 580.237 930.876 406.314 241.696 177.58
1900000 1684.09 565.19 943.849 415.876 253.283 170.291
2100000 1687.52 551.461 962.485 424.22 250.427 183.334
2200000 1647.15 545.536 929.384 425.634 241.01 157.203
2300000 1659.01 545.258 942.121 429.187 248.429 159.343
2400000 1659.41 543.819 943.651 438.238 243.048 154.16
2500000 1671.61 540.043 959.665 448.267 241.051 161.04
2600000 1675.38 540.219 961.627 459.573 238.348 152.815
2700000 1735.87 538.598 1017.04 484.45 258.429 163.283
