54.217038 3962.045265 73.077494
54.177952 3958.496925 73.064720
54.158223 3957.335850 73.069899
54.156636 3955.996875 73.047316
50.620352 3992.421660 78.869892
50.557444 3991.165635 78.943184
50.570086 3988.189050 78.864589
50.466121 3983.022975 78.924691
48.444426 4047.648045 83.552400
48.379429 4042.796775 83.564376
48.417429 4041.551250 83.473066
48.393004 4035.207045 83.384098
47.080579 4088.886720 86.848693
47.064824 4076.393085 86.612310
47.039599 4072.094355 86.567370
47.090333 4077.946830 86.598385
46.181631 4111.573800 89.030501
46.146810 4100.087850 88.848782
46.135864 4102.148445 88.914525
46.118626 4094.956245 88.791808
45.706505 4116.854145 90.071515
45.701771 4115.587665 90.053132
45.693469 4101.910365 89.770168
45.694899 4098.402720 89.690596
45.562625 4124.384865 90.521230
45.577387 4115.991600 90.307758
45.578414 4113.621780 90.253728
45.575272 4111.631730 90.216285
45.580315 4142.377395 90.880842
45.578818 4132.831185 90.674382
45.579913 4133.038155 90.676746
45.577373 4122.829125 90.457805
45.578170 4147.572960 90.999112
45.575186 4140.881865 90.858256
45.575696 4130.777925 90.635542
45.574946 4127.321685 90.561198
45.575280 4123.304580 90.472391
45.576256 4117.940970 90.352769
45.577198 4119.923310 90.394396
45.575548 4112.608455 90.237170
45.578831 4131.876945 90.653420
45.576935 4132.390425 90.668457
45.579829 4124.882325 90.497977
45.575204 4117.101795 90.336443
45.572549 4127.583930 90.571715
45.559420 4117.990725 90.387251
45.577393 4116.945300 90.328670
45.579123 4111.415370 90.203916
45.571934 4125.932670 90.536704
45.575929 4119.844095 90.395175
45.580849 4118.430825 90.354413
45.575716 4113.708075 90.260964
45.574048 4137.190785 90.779533
45.575601 4125.750495 90.525422
45.574124 4124.873190 90.509105
45.573647 4121.535525 90.436815
