58.949999 4433.256915 75.203682
58.896989 4428.722955 75.194386
58.883005 4427.539830 75.192152
58.882086 4426.002225 75.167212
53.788536 4481.161560 83.310718
53.762898 4476.144795 83.257133
53.770682 4478.252265 83.284275
53.724434 4469.564835 83.194266
49.494009 4526.356860 91.452621
49.472317 4522.500540 91.414771
49.471898 4520.603730 91.377204
49.449347 4517.969640 91.365608
47.014933 4528.906830 96.329114
46.955138 4519.943070 96.260884
46.869198 4514.736990 96.326313
46.783515 4506.228165 96.320855
45.512592 4542.855960 99.815364
45.505675 4539.616620 99.759352
45.512069 4531.386165 99.564495
45.514036 4526.205240 99.446361
45.510884 4557.777210 100.146971
45.515669 4540.263255 99.751654
45.513596 4531.580880 99.565434
45.502953 4522.111560 99.380616
45.513538 4600.552815 101.080975
45.510854 4559.419995 100.183134
45.501639 4540.568865 99.789128
45.506220 4529.491980 99.535667
45.510129 4625.631600 101.639606
45.511901 4592.460030 100.906795
45.509790 4564.990500 100.307879
45.505587 4555.873170 100.116786
45.510959 4685.328900 102.949466
45.512166 4627.325865 101.672283
45.507688 4587.155430 100.799571
45.506964 4564.031085 100.293024
45.509473 4543.583070 99.838183
45.506335 4520.780850 99.343990
45.510405 4517.507580 99.263182
45.511469 4515.376980 99.214045
45.506342 4565.724285 100.331604
45.510724 4541.867400 99.797739
45.520432 4540.943055 99.756149
45.498854 4531.461495 99.595069
45.503738 4549.208775 99.974398
45.504323 4514.793480 99.216803
45.514174 4518.218370 99.270579
45.505073 4522.282440 99.379743
45.507060 4546.413480 99.905674
45.511239 4511.437935 99.127996
45.512208 4515.683655 99.219173
45.501831 4516.230240 99.253814
45.512622 4560.036705 100.192792
45.520944 4539.337545 99.719758
45.508703 4534.443495 99.639041
45.513505 4526.403000 99.451866
