2700000 16 10.6519 1017.04 95.4989
2700000 15 10.9137 1023.62 93.8764
2700000 14 11.2792 1028.1 91.1797
2700000 13 12.4743 1100.78 88.3925
2700000 12 12.0097 1052.5 87.6841
2700000 11 13.2563 1128.54 85.1843
2700000 10 13.2982 1098.47 82.683
2700000 9 13.9437 1130.98 81.1216
2700000 8 14.9123 1161.37 77.8807
2700000 7 16.2809 1242.59 76.3356
2700000 6 17.7154 1311.66 74.042
2700000 5 20.1002 1429.37 71.1147
2700000 4 23.2937 1587.41 68.1479
2700000 3 28.874 1861.59 64.4802
2700000 2 39.505 2363.5 59.8039
2700000 1 59.8402 3228.89 53.9607

2600000 16 10.5331 961.627 91.3858
2600000 15 11.0156 969.455 88.1193
2600000 14 11.7346 1028.22 87.7593
2600000 13 11.8877 1017.14 85.5808
2600000 12 12.3619 1026.51 83.1123
2600000 11 14.0313 1124.07 80.1672
2600000 10 14.0101 1087.16 77.6324
2600000 9 14.5954 1116.48 76.4574
2600000 8 15.2013 1132.44 74.503
2600000 7 17.387 1257.36 72.3441
2600000 6 18.6093 1317.58 70.8106
2600000 5 21.225 1437.81 67.7466
2600000 4 24.1701 1586.14 65.618
2600000 3 29.8711 1864.67 62.4307
2600000 2 39.9482 2337.11 58.5132
2600000 1 62.0469 3272.17 52.7379

2500000 16 11.1284 959.665 86.3065
2500000 15 11.0856 944.908 85.2485
2500000 14 12.7189 1052.53 82.8776
2500000 13 13.4499 1081.82 80.5171
2500000 12 13.6287 1082.69 79.4622
2500000 11 13.8077 1067.83 77.3761
2500000 10 14.4381 1091.05 75.636
2500000 9 15.1346 1103.24 72.8893
2500000 8 15.7697 1128.34 71.5725
2500000 7 17.356 1205.12 69.4491
2500000 6 19.2966 1304.33 67.5956
2500000 5 21.9819 1435.66 65.3253
2500000 4 25.1867 1588.6 63.0704
2500000 3 30.8157 1830.42 59.3973
2500000 2 41.2375 2315.66 56.1648
2500000 1 63.462 3257.95 51.3375

2400000 16 11.4508 943.651 82.4114
2400000 15 11.9846 954.702 79.679
2400000 14 12.3889 993.199 80.1542
2400000 13 13.6561 1048.46 76.9353
2400000 12 13.3894 1019.37 76.1435
2400000 11 13.8966 1028.34 73.9935
2400000 10 14.8699 1067.77 71.8046
2400000 9 15.2562 1080.25 70.8129
2400000 8 16.7269 1147.46 68.6342
2400000 7 18.207 1218 66.9137
2400000 6 19.8299 1290.17 65.0648
2400000 5 22.8157 1437.82 63.0276
2400000 4 26.1256 1579.22 60.4479
2400000 3 33.1094 1913.93 57.8087
2400000 2 43.4831 2361.08 54.3021
2400000 1 66.1853 3309.31 50.0009

2300000 16 12.1448 942.121 77.5803
2300000 15 12.0129 928.896 77.3204
2300000 14 12.5575 953.677 75.9434
2300000 13 13.8768 1016.17 73.2823
2300000 12 14.3407 1026.17 71.6158
2300000 11 15.1954 1065.45 70.1196
2300000 10 15.0499 1046.09 69.506
2300000 9 16.4182 1104.16 67.2626
2300000 8 17.0376 1122.82 65.9084
2300000 7 18.801 1201.19 63.8973
2300000 6 20.755 1293.71 62.3468
2300000 5 23.9519 1456.59 60.7952
2300000 4 26.8204 1568.06 58.4679
2300000 3 33.9715 1884.13 55.4693
2300000 2 44.6919 2377.9 53.2046
2300000 1 69.2534 3369.3 48.6519

2200000 16 12.5043 929.384 74.3713
2200000 15 13.0276 935.56 71.8675
2200000 14 13.3703 968.544 72.4466
2200000 13 14.6465 1016 69.4005
2200000 12 14.8774 1025.16 68.9617
2200000 11 15.3939 1040.88 67.648
2200000 10 15.6744 1035.79 66.0859
2200000 9 16.8574 1091.13 64.7469
2200000 8 18.3433 1142.94 62.32
2200000 7 20.2156 1236.63 61.1857
2200000 6 21.6733 1300.56 60.016
2200000 5 24.2719 1407.67 57.9961
2200000 4 27.9294 1568.51 56.1586
2200000 3 35.1666 1878.39 53.4125
2200000 2 46.1835 2351.96 50.9219
2200000 1 72.0701 3406.78 47.2714

2100000 16 13.7539 962.485 69.9818
2100000 15 13.7081 938.667 68.5581
2100000 14 15.7677 1093.89 69.4495
2100000 13 14.8027 993.897 67.2018
2100000 12 15.1942 999.271 65.8207
2100000 11 15.7489 1017.05 64.5826
2100000 10 17.2522 1078.67 62.5396
2100000 9 17.3406 1072.54 61.8582
2100000 8 18.872 1150.12 60.9803
2100000 7 21.4777 1256.66 58.5261
2100000 6 23.2422 1335.05 57.4497
2100000 5 26.083 1445.94 55.4419
2100000 4 29.1146 1580.52 54.2865
2100000 3 36.2346 1878.18 51.8352
2100000 2 48.4232 2388.14 49.321
2100000 1 75.4317 3483.04 46.1755

1900000 16 14.7911 943.849 63.8435
1900000 15 14.1975 901.695 63.5183
1900000 14 15.7721 978.769 62.0864
1900000 13 16.7305 1019.15 60.9424
1900000 12 16.1101 979.066 60.7946
1900000 11 17.4121 1036.02 59.4949
1900000 10 18.7835 1087.63 57.911
1900000 9 19.294 1101.59 57.1006
1900000 8 20.7472 1154.64 55.651
1900000 7 22.8666 1246.14 54.498
1900000 6 25.6697 1366.52 53.2363
1900000 5 28.4174 1474.13 51.8778
1900000 4 32.5293 1634.44 50.2473
1900000 3 41.3021 1998.4 48.3871
1900000 2 53.2953 2491.02 46.7405
1900000 1 82.4008 3608.35 43.7913

1800000 16 15.273 930.876 60.9513
1800000 15 16.7122 994.937 59.5889
1800000 14 15.8282 960.311 60.6719
1800000 13 17.0112 1008.96 59.3275
1800000 12 17.6658 1026.65 58.1479
1800000 11 20.003 1131.21 56.6173
1800000 10 20.8604 1150.64 55.1907
1800000 9 20.868 1146.9 54.9593
1800000 8 21.8377 1184.44 54.2365
1800000 7 24.4269 1280.4 52.4305
1800000 6 26.3754 1356.46 51.432
1800000 5 30.3831 1525.61 50.2058
1800000 4 34.521 1684.31 48.7903
1800000 3 43.3934 2033.23 46.854
1800000 2 56.66 2542.11 44.8644
1800000 1 86.9495 3711.51 42.6858

1700000 16 15.8787 923.917 58.2105
1700000 15 16.6252 947.039 56.9896
1700000 14 17.6301 1006.6 57.1423
1700000 13 18.5327 1037.44 56.07
1700000 12 19.2344 1065.59 55.458
1700000 11 19.7631 1081.2 54.7355
1700000 10 21.1923 1123.72 53.0259
1700000 9 21.6971 1148.24 52.9141
1700000 8 23.4815 1217.11 51.8399
1700000 7 25.3447 1282.77 50.6193
1700000 6 28.254 1396.57 49.4307
1700000 5 31.6542 1519.02 47.9879
1700000 4 36.4528 1706.24 46.8112
1700000 3 46.0416 2088.2 45.3618
1700000 2 59.7577 2617.84 43.805
1700000 1 93.3075 3876.74 41.5488

1600000 16 17.6725 977.728 55.3572
1600000 15 17.7416 979.69 55.2286
1600000 14 18.3247 997.354 54.4316
1600000 13 18.7081 1001.48 53.5362
1600000 12 20.1074 1068.13 53.116
1600000 11 20.4451 1072.4 52.4496
1600000 10 21.7711 1120.54 51.482
1600000 9 23.2374 1181.7 50.8501
1600000 8 24.5458 1217.04 49.5922
1600000 7 27.2987 1327.48 48.6396
1600000 6 29.5896 1412.72 47.7457
1600000 5 34.3089 1591 46.3629
1600000 4 38.0994 1729.5 45.3956
1600000 3 48.5696 2131.9 43.8944
1600000 2 62.8825 2678.1 42.5886
1600000 1 97.0795 3949.46 40.683

1500000 16 17.8952 952.807 53.3196
1500000 15 19.1117 998.673 52.3108
1500000 14 19.5192 1017.32 52.1318
1500000 13 21.1702 1088.53 51.4306
1500000 12 21.3517 1074.68 50.3582
1500000 11 23.7888 1192.98 50.1634
1500000 10 22.6063 1112.34 49.2054
1500000 9 23.5938 1148.2 48.6706
1500000 8 26.1848 1257.04 48.002
1500000 7 28.312 1325.58 46.8201
1500000 6 31.4159 1445.47 46.0103
1500000 5 35.1139 1576.68 44.9043
1500000 4 41.6522 1825.1 43.82
1500000 3 51.0183 2162.96 42.3978
1500000 2 68.2039 2813.37 41.2472
1500000 1 102.949 4080.53 39.6364

1400000 16 19.5374 996.607 51.0341
1400000 15 20.9011 1047.19 50.1484
1400000 14 20.275 1025.18 50.5578
1400000 13 20.8215 1029.02 49.4293
1400000 12 21.5984 1060.9 49.1211
1400000 11 23.0892 1115.42 48.3094
1400000 10 25.1034 1178.69 46.9568
1400000 9 26.522 1238.9 46.7172
1400000 8 28.0629 1283.98 45.7547
1400000 7 29.8753 1339.36 44.8316
1400000 6 33.6553 1490.23 44.2801
1400000 5 37.8726 1643.19 43.3875
1400000 4 43.8972 1857.2 42.306
1400000 3 57.056 2341.73 41.0499
1400000 2 72.0504 2887.29 40.0745
1400000 1 110.376 4273.91 38.7215

1300000 16 20.8089 1012.79 48.6718
1300000 15 20.8513 1009.46 48.4144
1300000 14 21.936 1053.28 48.0219
1300000 13 22.2433 1056.46 47.5
1300000 12 23.504 1096.16 46.6382
1300000 11 25.2588 1157.33 45.8209
1300000 10 26.2785 1192.08 45.3657
1300000 9 28.0645 1255.5 44.7427
1300000 8 30.5487 1340.32 43.8743
1300000 7 33.4477 1449.47 43.343
1300000 6 36.905 1573.97 42.652
1300000 5 41.1903 1720.47 41.768
1300000 4 46.6458 1910.58 40.9589
1300000 3 58.6862 2342.89 39.9213
1300000 2 78.9997 3068.83 38.8497
1300000 1 119.377 4508.82 37.7696

1200000 16 22.4417 1041.8 46.4279
1200000 15 22.4863 1038.7 46.2002
1200000 14 23.7645 1087.41 45.7606
1200000 13 24.3178 1104.62 45.4297
1200000 12 24.7443 1112.05 44.9442
1200000 11 27.3267 1205.89 44.1354
1200000 10 27.9175 1217.39 43.608
1200000 9 30.5943 1321.14 43.1744
1200000 8 31.8537 1352.93 42.4752
1200000 7 35.5826 1481.62 41.6398
1200000 6 40.8418 1681.86 41.1846
1200000 5 44.3617 1795.89 40.4819
1200000 4 50.5548 1997.92 39.5202
1200000 3 63.1097 2439.48 38.6551
1200000 2 82.9409 3139.84 37.8568
1200000 1 127.125 4699.77 36.9698

